time,intensity
0.023219954648526078,--undefined--
0.046439909297052155,11.005541516271816
0.06965986394557823,12.970684205329976
0.09287981859410431,14.693237178840777
0.11609977324263039,15.078050807976718
0.13931972789115646,15.279607940571356
0.16253968253968254,12.58996954500163
0.18575963718820862,12.475991349052268
0.2089795918367347,12.98940099807144
0.23219954648526078,14.649114256127485
0.25541950113378686,15.713138194787232
0.2786394557823129,14.378527636819829
0.301859410430839,13.033475435012914
0.3250793650793651,13.17745846349799
0.3482993197278912,11.762967551670371
0.37151927437641724,10.317968396189219
0.3947392290249433,11.269637039338598
0.4179591836734694,13.69043043556814
0.44117913832199546,12.693718031772255
0.46439909297052157,12.4047998002141
0.4876190476190476,11.987693794258227
0.5108390022675737,15.11224692865749
0.5340589569160998,15.373409035550699
0.5572789115646258,13.939919405007458
0.5804988662131519,11.099609780338948
0.603718820861678,14.401435474284606
0.626938775510204,14.759055614706826
0.6501587301587302,13.568423013811294
0.6733786848072563,18.516899829000057
0.6965986394557824,17.737858983962568
0.7198185941043084,15.678156173630967
0.7430385487528345,13.48769626289405
0.7662585034013606,15.906052506573182
0.7894784580498866,20.559036967907637
0.8126984126984127,26.128485287575554
0.8359183673469388,25.46998273391245
0.8591383219954649,28.625781171038533
0.8823582766439909,31.92344591534484
0.905578231292517,33.60354562591862
0.9287981859410431,34.40582568633717
0.9520181405895691,34.67839705045667
0.9752380952380952,36.1317636456899
0.9984580498866214,38.00554657827734
1.0216780045351475,38.21801582151056
1.0448979591836736,34.932743076236896
1.0681179138321997,32.77526782367104
1.0913378684807256,42.22957182998085
1.1145578231292517,54.13057415379471
1.1377777777777778,61.319386288340766
1.1609977324263039,63.97181792087055
1.18421768707483,64.39996617754815
1.207437641723356,63.27653998265253
1.2306575963718822,60.99170420971723
1.253877551020408,58.25389240012661
1.2770975056689342,61.12287588897684
1.3003174603174603,63.28211888896397
1.3235374149659864,62.540221812921395
1.3467573696145125,61.90519029134383
1.3699773242630386,61.36091705947639
1.3931972789115648,59.96599798115868
1.4164172335600906,58.951595410418086
1.4396371882086167,59.1687508725801
1.4628571428571429,61.164650139281385
1.486077097505669,62.25107012763258
1.509297052154195,61.05129548926937
1.5325170068027212,59.76141758580298
1.5557369614512473,58.90874643655371
1.5789569160997732,58.13843019296625
1.6021768707482993,57.406114816999654
1.6253968253968254,56.4220061925835
1.6486167800453515,55.030338637107896
1.6718367346938776,53.41952702701542
1.6950566893424037,52.34335950114621
1.7182766439909298,52.15466904659075
1.7414965986394557,51.975642790386864
1.7647165532879818,51.03276733685732
1.787936507936508,50.44111693062722
1.811156462585034,53.623869951172345
1.8343764172335602,54.789186700978064
1.8575963718820863,50.05264271902026
1.8808163265306124,52.93356919859629
1.9040362811791383,56.58078290001898
1.9272562358276644,62.57475080335677
1.9504761904761905,65.21224541582313
1.9736961451247166,64.94942273877481
1.9969160997732427,63.38833267267556
2.020136054421769,61.60874928708376
2.043356009070295,60.65666756987472
2.066575963718821,60.18858545486072
2.089795918367347,59.604364576699574
2.1130158730158732,58.9676531192249
2.1362358276643993,58.661555794960776
2.159455782312925,59.02150080295371
2.182675736961451,54.99709172114728
2.2058956916099772,50.58308767392087
2.2291156462585033,59.77156585161214
2.2523356009070294,63.09138669782408
2.2755555555555556,63.3947284671297
2.2987755102040817,63.02017062455501
2.3219954648526078,62.224075771039516
2.345215419501134,64.29857745192518
2.36843537414966,65.4901548503896
2.391655328798186,64.00529682863532
2.414875283446712,59.49558244121911
2.4380952380952383,53.17436381496892
2.4613151927437644,57.650635094491
2.48453514739229,63.57535661141176
2.507755102040816,66.18507688643832
2.5309750566893423,66.22102439107673
2.5541950113378684,61.62447427101742
2.5774149659863945,62.677713735404204
2.6006349206349206,65.04304868284554
2.6238548752834467,63.84593960304429
2.647074829931973,61.74810474621675
2.670294784580499,60.16902868896579
2.693514739229025,59.09066384232803
2.716734693877551,59.04939407084776
2.7399546485260773,59.230008151021316
2.7631746031746034,58.206070851249805
2.7863945578231295,56.41266558739301
2.809614512471655,54.94442441089081
2.8328344671201813,53.22443689447592
2.8560544217687074,48.17266785833659
2.8792743764172335,37.62144259245101
2.9024943310657596,37.805112542015955
2.9257142857142857,40.498743241785796
2.948934240362812,42.3603674994961
2.972154195011338,43.56457360351895
2.995374149659864,45.161915817060375
3.01859410430839,46.555208932632944
3.0418140589569163,47.34236329188947
3.0650340136054424,47.87268349371279
3.0882539682539685,47.84130850128531
3.1114739229024946,41.387816100262334
3.1346938775510207,37.90280415579213
3.1579138321995464,28.19018985710735
3.1811337868480725,36.327775738489805
3.2043537414965986,52.88102549443237
3.2275736961451247,61.43589543968139
3.250793650793651,64.4580799486512
3.274013605442177,65.16067570915065
3.297233560090703,64.73264316298929
3.320453514739229,64.29585041728045
3.3436734693877552,62.77155685671736
3.3668934240362813,59.6786741920735
3.3901133786848074,53.307519354128495
3.4133333333333336,43.766747852015506
3.4365532879818597,48.817398644254034
3.4597732426303858,54.59279933681747
3.4829931972789114,55.624948945354376
3.5062131519274375,57.89801062304163
3.5294331065759637,62.00529104597499
3.5526530612244898,62.57418572691674
3.575873015873016,61.9999173016729
3.599092970521542,61.87278688649382
3.622312925170068,62.00406241184053
3.645532879818594,62.295386474559784
3.6687528344671203,62.57124554303684
3.6919727891156464,63.14576055973789
3.7151927437641725,64.79745781411954
3.7384126984126986,65.33656670177453
3.7616326530612247,65.37536608137013
3.784852607709751,65.92217123669035
3.8080725623582765,66.67107796976414
3.8312925170068026,66.1208202820576
3.8545124716553287,64.91415215234345
3.877732426303855,64.00381106283898
3.900952380952381,63.56101143391084
3.924172335600907,61.75429982889068
3.947392290249433,60.61463137702531
3.9706122448979593,61.48242019440019
3.9938321995464854,62.40275905284088
4.017052154195011,62.7381553558653
4.040272108843538,62.81618764379434
4.063492063492063,62.877260563167944
4.08671201814059,63.25012952030788
4.1099319727891155,58.87830859247764
4.133151927437642,47.01749669665213
4.156371882086168,56.02937252565037
4.179591836734694,59.12126811979873
4.20281179138322,61.23917722175939
4.2260317460317465,63.45297473093595
4.249251700680272,63.85624080516187
4.272471655328799,62.84593747896567
4.295691609977324,61.88883459767668
4.31891156462585,61.30339049139482
4.342131519274377,61.12190372140561
4.365351473922902,61.14826329038831
4.388571428571429,61.37387959132956
4.4117913832199545,61.87367771876101
4.435011337868481,60.20344260957897
4.458231292517007,51.95797155477707
4.481451247165533,50.27968940884964
4.504671201814059,55.846169077892846
4.527891156462585,62.27141579449209
4.551111111111111,63.176881060065334
4.574331065759638,62.323138529088425
4.597551020408163,61.20226109738763
4.62077097505669,61.466304765896
4.6439909297052155,61.97754458006742
4.667210884353741,58.33160437680982
4.690430839002268,54.80522894410592
4.713650793650793,57.40090666164585
4.73687074829932,58.98451595864324
4.760090702947846,59.40855827780974
4.783310657596372,59.25471459016769
4.806530612244898,57.538724895920296
4.829750566893424,56.30661072599177
4.85297052154195,61.37547285816345
4.876190476190477,61.989865882868884
4.899410430839002,61.00042882073032
4.922630385487529,59.34648621072484
4.9458503401360545,57.92977732426366
4.96907029478458,58.31601588631708
4.992290249433107,59.39937890805681
5.015510204081632,59.708625304387866
5.038730158730159,59.31406707919438
5.061950113378685,59.29406415561446
5.085170068027211,59.69027915205721
5.108390022675737,54.1873335336375
5.131609977324263,45.31624712025511
5.154829931972789,52.02526705419378
5.178049886621316,56.45597420659861
5.201269841269841,61.16879025016169
5.224489795918368,63.332281893312036
5.2477097505668935,63.06509942557567
5.27092970521542,61.745186117364845
5.294149659863946,60.565912155125524
5.317369614512471,59.42465495622088
5.340589569160998,58.4600040775602
5.363809523809524,58.14491367100791
5.38702947845805,58.13674701530835
5.410249433106576,57.95423214638971
5.433469387755102,57.423926724484545
5.456689342403628,56.60006120098209
5.479909297052155,55.53109491415514
5.50312925170068,54.74204482872051
5.526349206349207,54.37231515968755
5.5495691609977325,53.768571635185126
5.572789115646259,53.050920190827256
5.596009070294785,52.798365259498844
5.61922902494331,52.165991331913844
5.642448979591837,50.516324400944825
5.6656689342403626,48.70879204673648
5.688888888888889,47.04377789701931
5.712108843537415,44.489510026672896
5.735328798185941,44.20770975664811
5.758548752834467,43.83911354709944
5.7817687074829935,37.023898706237226
5.804988662131519,33.95802123466011
5.828208616780046,34.92999873390135
5.851428571428571,39.281182260290855
5.874648526077098,43.08984967938437
5.897868480725624,44.6924543954633
5.92108843537415,45.550204440034236
5.944308390022676,45.6955905658668
5.9675283446712015,45.33186160422824
5.990748299319728,44.88250236722312
6.013968253968254,46.05003057118433
6.03718820861678,46.38422965156319
6.060408163265306,44.219772993237676
6.0836281179138325,40.3588526101024
6.106848072562358,33.2749796463965
6.130068027210885,33.77534096908403
6.15328798185941,49.87839398554163
6.176507936507937,63.02025059246857
6.199727891156463,68.89903728995797
6.222947845804989,68.8392543443615
6.246167800453515,67.59392151776565
6.269387755102041,67.86209467745303
6.292607709750567,68.20938559589533
6.315827664399093,67.77626287595811
6.339047619047619,66.40528303709323
6.362267573696145,63.74011429753684
6.3854875283446715,62.20371118660365
6.408707482993197,62.47039898882938
6.431927437641724,62.62677794529741
6.455147392290249,62.69888936081309
6.478367346938776,62.83667397010622
6.501587301587302,63.20082357366799
6.524807256235828,65.25132283780818
6.548027210884354,69.11502775282942
6.57124716553288,68.91507731100896
6.594467120181406,66.60574888166264
6.617687074829932,67.54700562252981
6.640907029478458,67.79289361622449
6.664126984126984,66.10268143024948
6.6873469387755105,64.49794322008199
6.710566893424036,63.302633950177714
6.733786848072563,63.404547620080635
6.757006802721088,64.10087568642526
6.780226757369615,56.50165349777816
6.8034467120181406,46.06242863287864
6.826666666666667,51.9885017884775
6.849886621315193,60.93028126177424
6.873106575963719,64.87329839295553
6.896326530612245,65.75499407582394
6.9195464852607715,65.25694388674968
6.942766439909297,63.599034370122425
6.965986394557823,62.39119531771318
6.989206349206349,62.236536001717795
7.012426303854875,62.463961178727
7.035646258503402,62.80806721101076
7.058866213151927,63.38475107757958
7.082086167800454,64.06619959626214
7.1053061224489795,62.33061816787608
7.128526077097506,58.59039832794005
7.151746031746032,59.55697394904144
7.174965986394558,63.13419337060665
7.198185941043084,63.6448160933419
7.2214058956916105,62.859557253235685
7.244625850340136,62.722787962696074
7.267845804988662,63.01284587944972
7.291065759637188,63.686722961336656
7.314285714285714,64.94648746147965
7.337505668934241,65.87577719020219
7.360725623582766,63.10162478058848
7.383945578231293,52.67705000658322
7.4071655328798185,45.727994703249635
7.430385487528345,40.35244597194072
7.453605442176871,50.76306734201325
7.476825396825397,61.87457610817443
7.500045351473923,63.72341256506167
7.5232653061224495,65.59952611413678
7.546485260770975,66.17406376847508
7.569705215419502,63.6792080828212
7.592925170068027,61.71454835981753
7.616145124716553,61.75209536092455
7.63936507936508,62.68253428156304
7.662585034013605,63.28701438840745
7.685804988662132,63.56415667173097
7.7090249433106575,63.57653952510039
7.732244897959184,63.845342699340264
7.75546485260771,64.17682273218803
7.778684807256236,64.37012281162198
7.801904761904762,64.07375464024594
7.8251247165532885,64.40247524504538
7.848344671201814,66.23441651785997
7.871564625850341,67.97819679482852
7.894784580498866,68.36477010593578
7.918004535147393,67.38446200513377
7.9412244897959186,66.80963878993163
7.964444444444444,66.98896933996976
7.987664399092971,66.98926304986881
8.010884353741497,66.67323083553578
8.034104308390022,65.87735823303366
8.057324263038549,64.97375618102991
8.080544217687075,64.10728761101579
8.103764172335602,63.276485170752586
8.126984126984127,62.48988887127908
8.150204081632653,61.742618652965604
8.17342403628118,61.21207010323952
8.196643990929706,60.11986565850857
8.219863945578231,57.34034613232506
8.243083900226758,53.71183118938364
8.266303854875284,51.04402458987206
8.289523809523809,48.72787813618033
8.312743764172335,47.32820682153849
8.335963718820862,45.68261299798238
8.359183673469389,40.2417505357044
8.382403628117913,34.30509682898604
8.40562358276644,31.923243548518624
8.428843537414966,36.44505542485528
8.452063492063493,40.414742228583734
8.475283446712018,41.363978677773254
8.498503401360544,43.02311754871618
8.52172335600907,45.075303716798025
8.544943310657597,46.135005221353026
8.568163265306122,47.18870475437239
8.591383219954649,46.37171674397095
8.614603174603175,46.077983432175365
8.6378231292517,45.2765303312938
8.661043083900227,41.326543546904006
8.684263038548753,38.73398557485646
8.70748299319728,37.51387255601158
8.730702947845805,45.819089964146684
8.753922902494331,56.012207429583924
8.777142857142858,59.05549252841819
8.800362811791384,60.298910875179416
8.823582766439909,63.7592441209907
8.846802721088436,64.63982833232087
8.870022675736962,63.92090697721851
8.893242630385489,63.8052675196322
8.916462585034013,63.85641580962819
8.93968253968254,63.58947936062423
8.962902494331066,63.41774230968232
8.986122448979591,63.40224406611138
9.009342403628118,63.60908967187155
9.032562358276644,63.17464493010876
9.05578231292517,59.37728686170776
9.079002267573696,54.23443718036086
9.102222222222222,61.16528224476454
9.125442176870749,66.41003817987766
9.148662131519275,67.53934354733522
9.1718820861678,65.5797096827782
9.195102040816327,62.164629793361286
9.218321995464853,63.85536496042046
9.24154195011338,65.3121259593443
9.264761904761905,63.693655129399936
9.287981859410431,63.29729322857421
9.311201814058958,63.99440602398453
9.334421768707482,60.44164313097851
9.357641723356009,58.505759757422496
9.380861678004536,56.725877660858956
9.404081632653062,60.74921521134547
9.427301587301587,60.79818354049894
9.450521541950113,65.69844466675312
9.47374149659864,66.54082830816925
9.496961451247167,65.76601603261776
9.520181405895691,65.1780068776924
9.543401360544218,64.18135569288923
9.566621315192744,63.076598583101664
9.58984126984127,62.28579126227422
9.613061224489796,61.935582760228804
9.636281179138322,61.444735977076256
9.659501133786849,60.577201550906516
9.682721088435374,61.942729465965655
9.7059410430839,65.62892701975132
9.729160997732427,67.41583912365054
9.752380952380953,66.51131616437223
9.775600907029478,64.45440825138708
9.798820861678005,63.26690208672695
9.822040816326531,62.82980597604934
9.845260770975058,62.88493090013704
9.868480725623583,62.61121342293697
9.891700680272109,62.61091797646368
9.914920634920636,62.630426914605195
9.93814058956916,62.56726843033092
9.961360544217687,62.956568506794916
9.984580498866214,63.52171807266607
10.00780045351474,61.83715657832516
10.031020408163265,54.20348823136053
10.054240362811791,56.80170606092548
10.077460317460318,62.06004781774359
10.100680272108844,63.47845042273393
10.12390022675737,64.17246743249652
10.147120181405896,63.55994928462112
10.170340136054422,62.38593337296206
10.193560090702949,62.06653141622039
10.216780045351474,62.34039468593626
10.24,62.307463430789056
10.263219954648527,62.043865973025895
10.286439909297052,62.22202431765749
10.309659863945578,60.1505723106525
10.332879818594105,49.17508143350629
10.356099773242631,39.21847022888927
10.379319727891156,48.5933471270713
10.402539682539683,61.10048532548023
10.425759637188209,64.78835170554564
10.448979591836736,64.45935715174052
10.47219954648526,62.07774234267098
10.495419501133787,60.2711280342014
10.518639455782314,60.169745861547504
10.54185941043084,61.16868025746095
10.565079365079365,61.429172754400255
10.588299319727891,61.29635854257467
10.611519274376418,61.37115392078759
10.634739229024943,60.82398405164546
10.65795918367347,60.04151210121498
10.681179138321996,59.07722190706051
10.704399092970522,58.67955945450147
10.727619047619047,59.34567215711448
10.750839002267574,59.89722030858016
10.7740589569161,60.30816463904592
10.797278911564627,60.4273022647813
10.820498866213152,60.39737796802022
10.843718820861678,60.775828017699276
10.866938775510205,61.69989527511741
10.890158730158731,62.50272721208446
10.913378684807256,60.00586711164614
10.936598639455783,56.70778559647192
10.95981859410431,59.578964899402344
10.983038548752834,61.7554096486669
11.00625850340136,62.78984537336655
11.029478458049887,60.92283345864234
11.052698412698414,57.97529428730622
11.075918367346938,62.34399962040077
11.099138321995465,65.10070246497698
11.122358276643991,63.847453033024344
11.145578231292518,61.95209208987847
11.168798185941043,60.43682282698333
11.19201814058957,59.596524058568356
11.215238095238096,59.26041337878067
11.23845804988662,58.72631252860117
11.261678004535147,58.645548671448445
11.284897959183674,59.46309827270287
11.3081179138322,57.173224361375
11.331337868480725,48.75105217406941
11.354557823129252,40.734613878055065
11.377777777777778,35.878845770440016
11.400997732426305,39.32745024321616
11.42421768707483,41.22576359765631
11.447437641723356,44.16621967032998
11.470657596371883,45.7242540567431
11.49387755102041,45.0299059985102
11.517097505668934,44.15626854555216
11.54031746031746,43.95137771945646
11.563537414965987,43.481362958799856
11.586757369614512,44.81888007684875
11.609977324263038,42.428546920601846
11.633197278911565,36.95601483454624
11.656417233560092,49.14395326223134
11.679637188208616,60.05841556751371
11.702857142857143,64.40427588801406
11.72607709750567,65.79569740650864
11.749297052154196,66.18551119883952
11.77251700680272,65.3708180119382
11.795736961451247,63.67228988973183
11.818956916099774,63.0107455398602
11.8421768707483,64.21103143219668
11.865396825396825,65.08753067664884
11.888616780045352,65.34739058240616
11.911836734693878,65.78393997116874
11.935056689342403,65.91532219938853
11.95827664399093,65.97494140350909
11.981496598639456,66.28929060538206
12.004716553287983,66.3269356052662
12.027936507936507,65.38594887976142
12.051156462585034,65.12369457022788
12.07437641723356,66.37215516284121
12.097596371882087,65.61608047303675
12.120816326530612,65.09733584988247
12.144036281179138,64.58859963223753
12.167256235827665,64.88625316056672
12.190476190476192,66.05041112490626
12.213696145124716,66.97076028546206
12.236916099773243,66.16277527276617
12.26013605442177,64.44837928483825
12.283356009070294,64.14527841761702
12.30657596371882,64.70302358784227
12.329795918367347,65.20367825277775
12.353015873015874,65.39707107289034
12.376235827664399,66.47518807430598
12.399455782312925,69.36689034962457
12.422675736961452,68.58521264023905
12.445895691609978,65.94324655914367
12.469115646258503,63.803555458802585
12.49233560090703,62.133440198974476
12.515555555555556,61.219370087716975
12.538775510204083,60.8430402240324
12.561995464852608,60.85042810939559
12.585215419501134,61.43154712981611
12.60843537414966,62.58392375258769
12.631655328798185,63.57385248174343
12.654875283446712,63.83867597037975
12.678095238095239,64.4456830837972
12.701315192743765,66.15419038771417
12.72453514739229,64.70297405336265
12.747755102040816,61.03316911887052
12.770975056689343,61.170733600975666
12.79419501133787,63.63860222706435
12.817414965986394,64.75893598140632
12.84063492063492,64.5625828684105
12.863854875283447,64.91895800858345
12.887074829931972,64.60346365739109
12.910294784580499,59.72393088237848
12.933514739229025,48.33481872445697
12.956734693877552,54.4149610782277
12.979954648526077,62.56444404367452
13.003174603174603,60.980958067369414
13.02639455782313,61.60810705610293
13.049614512471656,64.83073412215802
13.072834467120181,66.45509272642889
13.096054421768708,65.1548454872654
13.119274376417234,63.450676472261364
13.14249433106576,63.103133961209046
13.165714285714285,62.57764666281097
13.188934240362812,61.932600697325384
13.212154195011339,61.396160996543166
13.235374149659863,61.306643885680714
13.25859410430839,61.35338106052721
13.281814058956916,58.31224899309199
13.305034013605443,54.64968707168204
13.328253968253968,52.18822328757809
13.351473922902494,44.500188909468385
13.374693877551021,40.00094685711877
13.397913832199547,41.75668520929162
13.421133786848072,41.45987529210802
13.444353741496599,44.04147220571191
13.467573696145125,45.16206968748604
13.490793650793652,45.98553022324487
13.514013605442177,46.054093074287
13.537233560090703,46.85902115834516
13.56045351473923,45.25201590043595
13.583673469387755,39.529799840308016
13.606893424036281,29.973017081364873
13.630113378684808,32.89483453690913
13.653333333333334,50.69049909146815
13.676553287981859,62.79465203919517
13.699773242630386,64.29365997369673
13.722993197278912,63.29162998644516
13.746213151927439,62.069470905155335
13.769433106575963,61.41140011920027
13.79265306122449,61.373467317174985
13.815873015873017,61.60590686407316
13.839092970521543,62.00353760416049
13.862312925170068,62.49875935474326
13.885532879818594,62.70417418699099
13.908752834467121,62.905989680759774
13.931972789115646,62.87064177823286
13.955192743764172,62.445946129151935
13.978412698412699,61.34326378785333
14.001632653061225,61.55345245872002
14.02485260770975,63.84525380579754
14.048072562358277,64.9354557053189
14.071292517006803,64.56392074466659
14.09451247165533,63.958754068175494
14.117732426303855,63.77872449370743
14.140952380952381,63.81130457518528
14.164172335600908,63.44545221405541
14.187392290249434,63.271967882956645
14.210612244897959,63.391608297735594
14.233832199546486,63.069195444547084
14.257052154195012,62.890589468789635
14.280272108843537,62.055290098779956
14.303492063492063,60.1461040666272
14.32671201814059,62.31576782356658
14.349931972789117,64.18275470199852
14.373151927437641,64.1746296346093
14.396371882086168,62.36402183114925
14.419591836734694,61.25203578672146
14.442811791383221,61.325102314885854
14.466031746031746,61.961774973437514
14.489251700680272,62.24739265121489
14.512471655328799,61.814042550981256
14.535691609977324,61.30793144782713
14.55891156462585,61.99635971037149
14.582131519274377,61.18119112840617
14.605351473922903,52.56686048999376
14.628571428571428,44.16321840476343
14.651791383219955,59.5997465943564
14.675011337868481,66.33411072523602
14.698231292517008,65.65692140553759
14.721451247165533,65.09215862852715
14.744671201814059,63.81394481578364
14.767891156462586,63.04862175231566
14.791111111111112,62.96855426524311
14.814331065759637,63.2912591713138
14.837551020408164,63.85035373410381
14.86077097505669,64.38131794982407
14.883990929705215,64.63846784149116
14.907210884353741,64.40145042116664
14.930430839002268,62.21665309155087
14.953650793650795,56.626840219689996
14.97687074829932,64.00378730421376
15.000090702947846,67.86317735103677
15.023310657596372,65.84308073326974
15.046530612244899,63.77261447033516
15.069750566893424,63.444774616775426
15.09297052154195,63.72224490961156
15.116190476190477,63.821468077103425
15.139410430839003,64.0624660954311
15.162630385487528,64.09392586771159
15.185850340136055,64.43024162846932
15.209070294784581,63.588715336569415
15.232290249433106,61.3940031968885
15.255510204081633,54.350062190850984
15.27873015873016,53.03752935943779
15.301950113378686,64.30124337345131
15.32517006802721,70.13150142283159
15.348390022675737,67.84860803221886
15.371609977324264,63.90101057689326
15.39482993197279,63.225231284155484
15.418049886621315,64.41727721856034
15.441269841269841,65.7321473703482
15.464489795918368,66.92831756086163
15.487709750566895,65.47667302359193
15.51092970521542,63.08641281263023
15.534149659863946,64.27354845495303
15.557369614512472,57.42539324895858
15.580589569160997,42.4883877210107
15.603809523809524,52.210120144923195
15.62702947845805,61.64371662048007
15.650249433106577,62.407730747507024
15.673469387755102,63.972321368678124
15.696689342403628,65.44812534240944
15.719909297052155,67.27766504307779
15.743129251700681,66.26441417139655
15.766349206349206,63.70708618450092
15.789569160997733,62.927057361914024
15.81278911564626,62.57828094850748
15.836009070294786,62.549395931902026
15.85922902494331,62.70807819070587
15.882448979591837,63.08090310044157
15.905668934240364,63.012244475198614
15.928888888888888,62.95595423910069
15.952108843537415,63.17387787770036
15.975328798185942,62.86526564511702
15.998548752834468,61.98113391496761
16.021768707482995,60.560776375354166
16.04498866213152,58.976401893057144
16.068208616780044,57.33607643347464
16.091428571428573,54.501475920917734
16.114648526077097,48.0842359331075
16.137868480725626,41.26031653896225
16.16108843537415,49.34212091171489
16.184308390022675,54.42487886772329
16.207528344671204,52.54936327611277
16.23074829931973,43.00700216560406
16.253968253968253,41.64983949972268
16.27718820861678,43.306537673064035
16.300408163265306,45.28952456041625
16.32362811791383,47.04396665373002
16.34684807256236,47.91772393840168
16.370068027210884,48.15261437382294
16.393287981859412,47.489290595710315
16.416507936507937,47.54536386094633
16.439727891156462,47.06831252987185
16.46294784580499,48.366946596035845
16.486167800453515,46.990265334211244
16.50938775510204,41.63500051987353
16.532607709750568,41.61774503366446
16.555827664399093,41.30613136582812
16.579047619047618,55.22576338130664
16.602267573696146,61.62209900638275
16.62548752834467,67.12888577680124
16.6487074829932,70.5357510126769
16.671927437641724,69.34784473255877
16.69514739229025,67.25317903765901
16.718367346938777,66.73926488903106
16.741587301587302,66.74145880090971
16.764807256235827,67.73129998109572
16.788027210884355,69.2491711548237
16.81124716553288,70.0723829142167
16.834467120181408,68.3888217502937
16.857687074829933,66.86666017427744
16.880907029478458,66.85648780451241
16.904126984126986,66.51369509059109
16.92734693877551,68.02906906517342
16.950566893424035,68.01357144418424
16.973786848072564,69.07986825524105
16.99700680272109,70.0162197547273
17.020226757369613,69.80464293266839
17.04344671201814,68.41447789967161
17.066666666666666,66.71638692396313
17.089886621315195,65.32500311749621
17.11310657596372,64.46453941527268
17.136326530612244,64.29903504409072
17.159546485260773,64.40865585961114
17.182766439909297,64.74709139814716
17.205986394557822,63.60152917666287
17.22920634920635,62.282882489617315
17.252426303854875,64.14307289410688
17.2756462585034,64.70955484906428
17.29886621315193,64.11226042603965
17.322086167800453,63.798790571517834
17.34530612244898,64.20420042185147
17.368526077097506,65.94999735961335
17.39174603174603,68.14590961167347
17.41496598639456,63.90639555017626
17.438185941043084,49.06199965820741
17.46140589569161,39.990665888792236
17.484625850340137,49.73884196718151
17.507845804988662,56.4751908253589
17.531065759637187,58.79525123737486
17.554285714285715,62.467562352396605
17.57750566893424,66.633197661298
17.60072562358277,67.94533348394239
17.623945578231293,65.62312104220756
17.647165532879818,64.33537302040395
17.670385487528346,63.95049197224551
17.69360544217687,63.65567568217996
17.716825396825396,63.86535870413246
17.740045351473924,64.40010072350738
17.76326530612245,64.3104899365664
17.786485260770977,63.91402769992148
17.809705215419502,63.33246253406934
17.832925170068027,63.79559654192797
17.856145124716555,64.95153978503916
17.87936507936508,65.30145857060423
17.902585034013605,66.40737506189981
17.925804988662133,68.7043238012202
17.949024943310658,67.19770434358259
17.972244897959182,66.17305915993535
17.99546485260771,66.15956128581368
18.018684807256236,65.6548951081407
18.041904761904764,65.40749993730556
18.06512471655329,64.18607904942579
18.088344671201813,62.27767321366832
18.11156462585034,62.432696674543706
18.134784580498867,62.6885116690231
18.15800453514739,62.978838524941885
18.18122448979592,63.45880904732412
18.204444444444444,65.10929399687169
18.22766439909297,67.38110105182487
18.250884353741498,68.92775061391683
18.274104308390022,69.6296751311657
18.29732426303855,68.72374260295615
18.320544217687075,67.28977276892441
18.3437641723356,67.11778943733967
18.36698412698413,67.47489237932741
18.390204081632653,67.76524000887747
18.413424036281178,67.7649542420316
18.436643990929706,67.67964302642525
18.45986394557823,67.66224637840553
18.48308390022676,67.53077511679248
18.506303854875284,67.20477425642744
18.52952380952381,66.96075613138947
18.552743764172337,66.79451690990281
18.575963718820862,66.53788688131307
18.599183673469387,66.10321503358355
18.622403628117915,64.448178425714
18.64562358276644,60.24536577547456
18.668843537414965,56.69239254328489
18.692063492063493,56.909981076131714
18.715283446712018,57.513131688315816
18.738503401360546,58.20150199667295
18.76172335600907,56.187398226353345
18.784943310657596,47.74216684592038
18.808163265306124,32.9661831178871
18.83138321995465,22.256215132877614
18.854603174603174,28.649379544658718
18.877823129251702,32.19852151549789
18.901043083900227,35.955389366974124
18.92426303854875,39.358268199640115
18.94748299319728,40.753168418919266
18.970702947845805,40.546780671139004
18.993922902494333,40.05475558438335
19.017142857142858,39.059905533896156
19.040362811791383,38.47879783923794
19.06358276643991,38.85278363604171
19.086802721088436,36.201132157341604
19.11002267573696,38.361423254063865
19.13324263038549,53.74582821604508
19.156462585034014,60.431389068124254
19.17968253968254,63.28686977362287
19.202902494331067,66.20573690707852
19.22612244897959,67.77302745822094
19.24934240362812,68.69310972274384
19.272562358276645,68.87947343900984
19.29578231292517,67.67415911280834
19.319002267573698,66.44792295193838
19.342222222222222,66.22586263176169
19.365442176870747,66.76069810154317
19.388662131519276,67.44066008992368
19.4118820861678,67.82891627614616
19.43510204081633,64.65609822623598
19.458321995464853,53.48655358533714
19.481541950113378,52.853283379836796
19.504761904761907,57.590882538515714
19.52798185941043,60.48761242151123
19.551201814058956,66.64300542032821
19.574421768707484,67.585519908029
19.59764172335601,66.0791161168324
19.620861678004534,67.42853032777923
19.644081632653062,68.3582659585975
19.667301587301587,68.61183999396022
19.690521541950115,68.66378915219273
19.71374149659864,69.38030006677691
19.736961451247165,69.40172248936388
19.760181405895693,68.10027378333993
19.783401360544218,66.1291344821066
19.806621315192743,66.1531366018964
19.82984126984127,67.14392441377758
19.853061224489796,67.08383702532244
19.87628117913832,67.69610764620846
19.89950113378685,66.2240283569824
19.922721088435374,68.1606108457381
19.945941043083902,69.59829246715977
19.969160997732427,68.36376739710066
19.99238095238095,65.85338081437395
20.01560090702948,64.99128720785429
20.038820861678005,66.84457642999922
20.06204081632653,65.92637132737298
20.085260770975058,62.42577704922837
20.108480725623583,62.84809620018167
20.13170068027211,63.97559911130114
20.154920634920636,63.296004975663934
20.17814058956916,61.34352155966472
20.20136054421769,62.2889471462918
20.224580498866214,67.12575062630809
20.24780045351474,66.56393714198175
20.271020408163267,65.71998916975034
20.29424036281179,64.22044120034424
20.317460317460316,62.10022484519394
20.340680272108845,62.662769180352704
20.36390022675737,62.74492433190951
20.387120181405898,62.28223327927587
20.410340136054423,62.21385080475796
20.433560090702947,62.54933193597924
20.456780045351476,62.97048994292465
20.48,63.30566393516003
20.503219954648525,63.77495580869679
20.526439909297054,66.12591109168717
20.54965986394558,68.15355066283456
20.572879818594103,68.55721707372288
20.59609977324263,68.19301696775568
20.619319727891156,68.34344841198627
20.642539682539685,68.35543107720554
20.66575963718821,68.2661255601065
20.688979591836734,68.8986934987119
20.712199546485262,69.34529665799798
20.735419501133787,69.32266985248162
20.758639455782312,68.66644585763295
20.78185941043084,66.86825491688981
20.805079365079365,65.73239769145715
20.82829931972789,65.91802580810048
20.851519274376418,66.23925443494757
20.874739229024943,66.66760585006243
20.89795918367347,68.70800668412188
20.921179138321996,71.31101287730506
20.94439909297052,72.95266611705407
20.96761904761905,73.45514750743433
20.990839002267574,73.25900945254742
21.0140589569161,72.55198830847517
21.037278911564627,71.39011036489525
21.060498866213152,69.20414792247466
21.08371882086168,67.75130158543446
21.106938775510205,63.13360742116791
21.13015873015873,55.97631716975487
21.153378684807258,52.23078166079567
21.176598639455783,44.61343321644346
21.199818594104308,43.80813232762048
21.223038548752836,44.183352809405136
21.24625850340136,45.70157600900474
21.269478458049885,47.5675570443086
21.292698412698414,47.34887571346235
21.31591836734694,47.02037261537285
21.339138321995467,45.843451256104196
21.36235827664399,46.32715413186578
21.385578231292516,47.54223639800535
21.408798185941045,40.842644241913014
21.43201814058957,44.063063765099486
21.455238095238094,58.13859561208712
21.478458049886623,65.62299907264685
21.501678004535147,67.56659243037608
21.524897959183672,67.33858013224003
21.5481179138322,66.57448790720933
21.571337868480725,66.29637404020549
21.594557823129254,66.82251303937957
21.61777777777778,65.87875858414238
21.640997732426303,61.81441526879681
21.66421768707483,62.20690317505695
21.687437641723356,65.36445132747541
21.71065759637188,66.44181448812297
21.73387755102041,66.17026474556218
21.757097505668934,64.02363475279938
21.780317460317463,62.47374894132773
21.803537414965987,59.27531493972054
21.826757369614512,61.40226377147967
21.84997732426304,64.6612886609176
21.873197278911565,65.47301897283866
21.89641723356009,65.25393330422828
21.91963718820862,64.96366227662348
21.942857142857143,64.88889861790993
21.966077097505668,64.88492780955983
21.989297052154196,64.8454489643704
22.01251700680272,64.6553348187278
22.03573696145125,61.725447740200096
22.058956916099774,53.833503087768904
22.0821768707483,42.65273780518568
22.105396825396827,53.237012190092074
22.128616780045352,64.94288418684545
22.151836734693877,67.9224035792545
22.175056689342405,66.11271875973142
22.19827664399093,65.11109030055047
22.221496598639455,65.6432522421244
22.244716553287983,64.07090308330633
22.267936507936508,63.18095578612919
22.291156462585036,62.90766795326449
22.31437641723356,62.54594257192804
22.337596371882086,61.6575079265918
22.360816326530614,60.91342098682421
22.38403628117914,61.477582470472726
22.407256235827663,61.90876316010224
22.430476190476192,57.608676400069506
22.453696145124717,51.99727936326999
22.47691609977324,44.33362901116569
22.50013605442177,40.06830034657804
22.523356009070294,39.49529343952595
22.546575963718823,37.213270550484594
22.569795918367348,40.07208050128284
22.593015873015872,40.99520778567295
22.6162358276644,41.43885026510034
22.639455782312925,41.019130444637504
22.66267573696145,41.93504073109259
22.68589569160998,42.54530386474287
22.709115646258503,38.24817498034357
22.73233560090703,33.81829078823572
22.755555555555556,50.47891253228729
22.77877551020408,61.04007825553519
22.80199546485261,66.64440625596501
22.825215419501134,69.3414002252254
22.84843537414966,70.0197474377376
22.871655328798187,70.28166732158516
22.894875283446712,70.22521256323665
22.918095238095237,69.49786044410244
22.941315192743765,64.68596378079732
22.96453514739229,64.99164898567615
22.98775510204082,67.46986275009621
23.010975056689343,69.09909838341298
23.034195011337868,68.22380521738643
23.057414965986396,65.99239269044107
23.08063492063492,63.773489762227904
23.103854875283446,59.747910831561164
23.127074829931974,61.39759719741727
23.1502947845805,66.19339424476914
23.173514739229024,66.75558287143807
23.196734693877552,66.27447191355769
23.219954648526077,65.79110827320581
23.243174603174605,65.39218938363189
23.26639455782313,65.04781030007908
23.289614512471655,64.98275090691237
23.312834467120183,63.70443052367966
23.336054421768708,56.28088652631471
23.359274376417233,44.34600852159133
23.38249433106576,32.52338227234269
23.405714285714286,47.678680357302966
23.428934240362814,65.6432328247846
23.45215419501134,72.65440616472003
23.475374149659864,72.22000534847558
23.498594104308392,72.74785672074533
23.521814058956917,73.71953444035273
23.54503401360544,74.08916073673477
23.56825396825397,74.13845761316756
23.591473922902495,73.97933552164228
23.61469387755102,73.92299670990562
23.637913832199548,74.05997599304398
23.661133786848072,73.67922390025316
23.6843537414966,71.5808487640815
23.707573696145126,67.15035708074225
23.73079365079365,63.124618719307364
23.75401360544218,61.92820341233586
23.777233560090703,61.98237788949167
23.800453514739228,63.06834537368342
23.823673469387757,64.0906137596209
23.84689342403628,64.40531199617948
23.870113378684806,64.47618792849079
23.893333333333334,64.41183309058667
23.91655328798186,64.10156119081847
23.939773242630388,63.77955000364422
23.962993197278912,63.43175780384233
23.986213151927437,63.38269541365568
24.009433106575965,63.170606744907325
24.03265306122449,63.79824027758006
24.055873015873015,64.53334148245669
24.079092970521543,65.7996480143995
24.102312925170068,66.6343516612206
24.125532879818593,66.83772506502031
24.14875283446712,66.98959562917467
24.171972789115646,67.73046591029559
24.195192743764174,68.46046890285821
24.2184126984127,64.49187505605096
24.241632653061224,64.61423876080005
24.264852607709752,65.7501993244074
24.288072562358277,64.97577142223662
24.3112925170068,64.64219498549647
24.33451247165533,62.802755863033525
24.357732426303855,61.38180883082413
24.380952380952383,59.533882055985735
24.404172335600908,62.014289934165
24.427392290249433,66.85853442953473
24.45061224489796,67.16995190630126
24.473832199546486,66.9615459154247
24.49705215419501,67.05026977336136
24.52027210884354,67.13084926304265
24.543492063492064,67.12835447354517
24.56671201814059,67.11489010549867
24.589931972789117,67.1252075361306
24.61315192743764,67.21199177937558
24.63637188208617,68.0926106257876
24.659591836734695,68.16703668339733
24.68281179138322,62.13121832372728
24.706031746031748,65.1728982468461
24.729251700680273,71.75589747398357
24.752471655328797,70.42382194699056
24.775691609977326,69.51980318892025
24.79891156462585,70.66573680279019
24.822131519274375,71.13980117542147
24.845351473922904,70.66160754409802
24.86857142857143,70.02888351612198
24.891791383219957,69.37719704247294
24.91501133786848,68.44346376535762
24.938231292517006,67.18553634897808
24.961451247165535,66.20591841585014
24.98467120181406,66.85625112907114
25.007891156462584,68.91410383622174
25.031111111111112,70.50725426983397
25.054331065759637,69.58911697744945
25.077551020408166,67.23116146843194
25.10077097505669,64.7266268352241
25.123990929705215,64.14648379538502
25.147210884353743,65.65647727346757
25.170430839002268,66.87409423637337
25.193650793650793,67.05313635007961
25.21687074829932,66.61429944926903
25.240090702947846,66.67513277768195
25.26331065759637,66.55536909884326
25.2865306122449,67.29242537910876
25.309750566893424,69.72854862464756
25.332970521541952,63.491842500499224
25.356190476190477,61.45037636803672
25.379410430839002,70.92424044885468
25.40263038548753,70.2962014156504
25.425850340136055,69.16105833838874
25.44907029478458,68.59000684155838
25.472290249433108,67.3720925966502
25.495510204081633,66.90690358947039
25.518730158730158,66.56690893007693
25.541950113378686,62.81060741269343
25.56517006802721,64.37852564184281
25.58839002267574,63.48475239698871
25.611609977324264,62.94580807353436
25.63482993197279,61.99299349143065
25.658049886621317,61.91129398375613
25.68126984126984,62.139140099565694
25.704489795918366,70.56566136741031
25.727709750566895,70.85908006301303
25.75092970521542,69.47556174368849
25.774149659863944,68.15257766629172
25.797369614512473,66.5875229152437
25.820589569160997,65.05885537831064
25.843809523809526,63.87658726823037
25.86702947845805,63.187582047553704
25.890249433106575,63.20143337624505
25.913469387755104,64.1501237227947
25.93668934240363,61.464011966018326
25.959909297052153,47.039352247720544
25.98312925170068,47.174887098288394
26.006349206349206,51.32678625560235
26.029569160997735,64.44631576169289
26.05278911564626,69.965588731944
26.076009070294784,72.72491378276234
26.099229024943313,73.65765051139475
26.122448979591837,71.32742949031466
26.145668934240362,70.12631606352312
26.16888888888889,69.60726059002926
26.192108843537415,69.4405185197575
26.21532879818594,69.81562564854652
26.23854875283447,70.058446970325
26.261768707482993,69.97099948418841
26.28498866213152,68.51091713063168
26.308208616780046,65.03832628720072
26.33142857142857,60.28316277548656
26.3546485260771,55.69558859984236
26.377868480725624,49.54943338156907
26.40108843537415,42.35562695993825
26.424308390022677,43.983859340413886
26.447528344671202,42.71127125846907
26.470748299319727,42.57632499815035
26.493968253968255,42.7762043872859
26.51718820861678,42.592088628106495
26.540408163265308,42.713386696813316
26.563628117913833,43.31502252567057
26.586848072562358,43.48068731139881
26.610068027210886,41.901430342195454
26.63328798185941,38.20228310312517
26.656507936507936,33.25534755175893
26.679727891156464,45.22719575545539
26.70294784580499,58.277783247897474
26.726167800453517,67.13242493589797
26.749387755102042,68.82768634645029
26.772607709750567,67.62326516747056
26.795827664399095,68.06375668917373
26.81904761904762,68.36213172299956
26.842267573696144,66.73862784176723
26.865487528344673,65.1172134451388
26.888707482993198,63.19019705021563
26.911927437641722,57.73363944336564
26.93514739229025,48.80387540771113
26.958367346938775,49.79532874048131
26.981587301587304,57.878061350819905
27.00480725623583,62.41791605670807
27.028027210884353,62.15792643508871
27.05124716553288,65.53166735213102
27.074467120181406,67.6703953236232
27.09768707482993,67.2965480797348
27.12090702947846,66.3583933628646
27.144126984126984,66.45265439317647
27.16734693877551,66.39672415400351
27.190566893424037,66.4467163149361
27.213786848072562,66.5909321791569
27.23700680272109,64.52920417249639
27.260226757369615,61.82940400117731
27.28344671201814,51.63603831031736
27.30666666666667,54.044165454843814
27.329886621315193,65.5386943678248
27.353106575963718,72.21675589607963
27.376326530612246,73.83547970823314
27.39954648526077,73.6014516280912
27.422766439909296,73.55819777793681
27.445986394557824,73.11264918250865
27.46920634920635,68.98729562934565
27.492426303854877,65.3216278939884
27.515646258503402,64.46954559577209
27.538866213151927,65.32165604081665
27.562086167800455,66.03085474097874
27.58530612244898,65.26696028268623
27.608526077097505,65.82903911641176
27.631746031746033,65.67071530399423
27.654965986394558,63.943156324142265
27.678185941043086,64.54218008013058
27.70140589569161,65.42430905974378
27.724625850340136,65.20835611897198
27.747845804988664,63.710490975730856
27.77106575963719,62.70061456083265
27.794285714285714,63.849823455349934
27.817505668934242,65.46266218900041
27.840725623582767,66.01373169752894
27.86394557823129,65.85724119049417
27.88716553287982,65.58982973958115
27.910385487528345,65.29448178210815
27.933605442176873,64.96369884057906
27.956825396825398,64.79575164721683
27.980045351473922,64.40636770948856
28.00326530612245,61.32183372899982
28.026485260770976,50.784914331015216
28.0497052154195,37.09909546472283
28.07292517006803,31.503383096442803
28.096145124716553,29.29165091505687
28.11936507936508,21.793047948101545
28.142585034013607,18.28816282630199
28.16580498866213,15.892103143778384
28.18902494331066,15.159580565877674
28.212244897959184,9.692455239025163
28.23546485260771,13.598738753772606
28.258684807256238,16.128589635478058
28.281904761904762,15.403909898937384
28.305124716553287,15.509616481300219
28.328344671201815,16.294004461269438
28.35156462585034,14.969331145770541
28.37478458049887,18.050822613173015
28.398004535147393,14.741049511480377
28.421224489795918,12.699790487012878
28.444444444444446,15.768043418897669
28.46766439909297,15.414311118689161
28.490884353741496,9.25025412833302
28.514104308390024,11.494999727467334
28.53732426303855,13.133016435667745
28.560544217687074,17.329929138664752
28.583764172335602,15.393282777548078
28.606984126984127,12.308060628176817
28.630204081632655,13.232128401650247
28.65342403628118,12.458475300537508
28.676643990929705,10.874198963838285
28.699863945578233,11.23634843628989
28.723083900226758,12.678163439739306
28.746303854875283,12.673609763542636
28.76952380952381,11.411188769031899
28.792743764172336,9.230971080009303
28.81596371882086,10.792816701158479
28.83918367346939,14.825789140606227
28.862403628117914,14.698041746065915
28.885623582766442,12.504252519665524
28.908843537414967,10.163149437734125
28.93206349206349,11.538380155845397
28.95528344671202,16.129454742832372
28.978503401360545,12.942511613074503
29.00172335600907,8.94572814131568
29.024943310657598,14.880806830363827
29.048163265306123,14.55385514570767
29.071383219954647,9.972179879233137
29.094603174603176,12.738749184753516
29.1178231292517,10.784435360400623
29.14104308390023,14.504395552394419
29.164263038548754,15.944710906118516
29.18748299319728,10.60908195674415
29.210702947845807,10.782910654033714
29.23392290249433,13.218579892255118
29.257142857142856,15.432065314538681
29.280362811791385,14.780833199049958
29.30358276643991,11.356759866505984
29.326802721088438,10.488182078350643
29.350022675736962,14.274009114671923
29.373242630385487,12.62810229216519
29.396462585034016,9.824099525731189
29.41968253968254,11.642512856569134
29.442902494331065,14.51887942909362
29.466122448979593,14.032726637786311
29.489342403628118,9.215954235131406
29.512562358276643,9.06341642123228
29.53578231292517,11.142878829914952
29.559002267573696,12.625450801352928
29.582222222222224,11.983303306150331
29.60544217687075,14.331691388707034
29.628662131519274,17.028496533947372
29.651882086167802,14.651886370048594
29.675102040816327,11.265955574487148
29.698321995464852,10.671183781883018
29.72154195011338,12.27693688418128
29.744761904761905,14.321279956422364
29.76798185941043,10.668181294876105
29.791201814058958,11.400663964565462
29.814421768707483,13.839870743689602
29.83764172335601,12.619288122699986
29.860861678004536,12.609675715523448
29.88408163265306,11.143375042876794
29.90730158730159,10.694071093943808
29.930521541950114,13.98180539549098
29.95374149659864,12.58447491569514
29.976961451247167,10.288915868226882
30.00018140589569,7.948726799604299
30.02340136054422,11.676896941569803
30.046621315192745,13.201119271333736
30.06984126984127,10.849562409397544
30.093061224489798,10.857693917197157
30.116281179138323,11.263558232335855
30.139501133786847,13.262601028592716
30.162721088435376,10.812043291388036
30.1859410430839,11.380265953074016
30.209160997732425,10.359258142391802
30.232380952380954,13.761114816891354
30.25560090702948,13.08408671156396
30.278820861678007,13.342035089602131
30.30204081632653,14.652977108601652
30.325260770975056,15.220481410240383
30.348480725623585,10.819280373105753
30.37170068027211,9.606464363044003
30.394920634920634,9.907648324046589
30.418140589569163,10.09123447385603
30.441360544217687,11.644815271216434
30.464580498866212,12.574692604079036
30.48780045351474,12.583422184798797
30.511020408163265,11.188748826258086
30.534240362811794,10.8419742379676
30.55746031746032,12.58210676601292
30.580680272108843,13.834963798223129
30.60390022675737,11.154531294695206
30.627120181405896,14.517679427722278
30.65034013605442,14.203789744636182
30.67356009070295,12.810717333525073
30.696780045351474,13.485416087218804
30.72,12.18013373344074
30.743219954648527,12.378393726293877
30.766439909297052,15.491761288554969
30.78965986394558,13.994335644540868
30.812879818594105,13.52574183834759
30.83609977324263,14.685697109239369
30.859319727891158,11.544583924354164
30.882539682539683,11.302356772007037
30.905759637188208,11.55299012842327
30.928979591836736,14.025060137755403
30.95219954648526,15.155974771786706
30.97541950113379,12.07496826290678
30.998639455782314,11.842122324238384
31.02185941043084,11.086633211422498
31.045079365079367,12.90568469358223
31.068299319727892,14.015016350852239
31.091519274376417,12.187195176757221
31.114739229024945,14.083563303542206
31.13795918367347,16.171880669369806
31.161179138321994,15.118840532974865
31.184399092970523,12.765242719079508
31.207619047619048,12.00133372368237
31.230839002267576,13.31000176868642
31.2540589569161,12.882450367741086
31.277278911564625,10.323752584778468
31.300498866213154,12.703802812568066
31.32371882086168,15.567509823777872
31.346938775510203,14.202872651618733
31.37015873015873,14.131830757319054
31.393378684807256,14.213487197946085
31.41659863945578,14.29195785843406
31.43981859410431,12.358599649992398
31.463038548752834,13.972259563430633
31.486258503401363,14.18783584772748
31.509478458049887,14.979873648433124
31.532698412698412,22.11806433092649
31.55591836734694,25.46805089722062
31.579138321995465,31.93267592847114
31.60235827664399,37.12587072780437
31.62557823129252,39.114894309273055
31.648798185941043,41.322574274651444
31.67201814058957,42.83063498824124
31.695238095238096,42.60694844669346
31.71845804988662,43.138867271929634
31.74167800453515,43.076800356277424
31.764897959183674,43.70650841799291
31.7881179138322,43.61077518391518
31.811337868480727,44.33138817003037
31.834557823129252,41.68083121310015
31.857777777777777,45.79450591553894
31.880997732426305,58.943149077693455
31.90421768707483,65.27673958899511
31.92743764172336,68.34801092872755
31.950657596371883,69.50806564961381
31.973877551020408,68.59388334713634
31.997097505668936,67.85917540863207
32.020317460317465,67.37922997434163
32.04353741496599,67.01720495613884
32.066757369614514,66.84534734130313
32.08997732426304,66.49115904398771
32.113197278911564,65.74547426785715
32.13641723356009,62.03139698594394
32.15963718820862,49.53221701772509
32.182857142857145,52.14475287744284
32.20607709750567,58.85330096834025
32.229297052154195,61.21573031969773
32.25251700680272,64.42031007843116
32.27573696145125,67.44427323192257
32.298956916099776,68.05867423232562
32.3221768707483,67.23391757007067
32.345396825396826,66.1373833097503
32.36861678004535,65.1829541205671
32.391836734693875,64.92962957952987
32.41505668934241,62.61809579240128
32.43827664399093,56.50820760972146
32.46149659863946,49.25465079749982
32.48471655328798,57.54772236555257
32.507936507936506,63.774717816144175
32.53115646258504,63.67610319394541
32.55437641723356,65.02293230592038
32.57759637188209,70.33583056640241
32.60081632653061,70.89901999238083
32.62403628117914,67.34645171260141
32.64725623582766,65.85902527731017
32.670476190476194,65.3809892282743
32.69369614512472,64.92351437845633
32.71691609977324,63.87221642582331
32.74013605442177,62.86932386919796
32.76335600907029,62.634484705668996
32.786575963718825,61.220868345555886
32.80979591836735,56.76219252224258
32.833015873015874,53.769042130118684
32.8562358276644,49.33509325641016
32.879455782312924,45.500861657563625
32.90267573696145,38.8038494436445
32.92589569160998,40.006676459233695
32.949115646258505,40.70355016044749
32.97233560090703,40.70156104607754
32.995555555555555,41.54144469586386
33.01877551020408,42.42997590273131
33.04199546485261,41.266878634651434
33.065215419501136,39.21850804915697
33.08843537414966,36.7043990151707
33.111655328798186,31.751506447497523
33.13487528344671,37.36524420727407
33.158095238095235,51.93881049236932
33.18131519274377,57.9458964645885
33.20453514739229,62.300144904292175
33.22775510204082,68.11404049662046
33.25097505668934,70.39881786133485
33.274195011337866,70.07909895738504
33.2974149659864,70.61781403356744
33.32063492063492,70.77305324790844
33.34385487528345,68.02781047618514
33.36707482993197,63.55167200716707
33.3902947845805,53.17095558439872
33.41351473922902,52.80634591942396
33.436734693877554,59.283703353694854
33.45995464852608,63.89526561125441
33.483174603174604,64.8939416894555
33.50639455782313,62.711755229346736
33.52961451247165,66.1554248834847
33.552834467120185,69.81936390130149
33.57605442176871,71.31575057815687
33.599274376417235,71.49967147878918
33.62249433106576,69.12398500196231
33.645714285714284,66.17289934188929
33.668934240362816,64.92856589138637
33.69215419501134,62.94794236761916
33.715374149659866,59.48563156547582
33.73859410430839,56.222091598632865
33.761814058956915,47.48116880576398
33.78503401360544,35.44517487394904
33.80825396825397,36.24315335444405
33.8314739229025,58.10240454109715
33.85469387755102,71.94296514418149
33.877913832199546,77.79154414579467
33.90113378684807,78.19536034652825
33.9243537414966,75.9770100448069
33.94757369614513,74.65696769788623
33.97079365079365,74.22979589510295
33.99401360544218,74.23825305287683
34.0172335600907,74.38117465262316
34.04045351473923,74.29544455444797
34.06367346938776,74.01595113763621
34.08689342403628,74.45310377804067
34.11011337868481,72.6550157067546
34.13333333333333,67.3313115556793
34.15655328798186,66.68656989010515
34.17977324263039,67.67193614670411
34.202993197278914,68.37507682876372
34.22621315192744,68.40415393757918
34.249433106575964,68.10504914284111
34.27265306122449,67.79541123021939
34.29587301587301,67.55990150862705
34.319092970521545,67.24641879040507
34.34231292517007,66.78886926786146
34.365532879818595,66.16831266842647
34.38875283446712,65.75477598332553
34.411972789115644,65.44183647579838
34.435192743764176,65.32360030265275
34.4584126984127,64.3113090435973
34.481632653061226,63.31404895064906
34.50485260770975,63.547322100480216
34.528072562358275,64.4367336472613
34.5512925170068,66.7054195051271
34.57451247165533,67.91540836093799
34.59773242630386,67.72858212465287
34.62095238095238,66.9534600332596
34.644172335600906,66.14554786424691
34.66739229024943,65.34348086546594
34.69061224489796,64.89764000498015
34.71383219954649,65.17745545313706
34.73705215419501,65.93808183942909
34.76027210884354,65.75603707443936
34.78349206349206,62.74661344583781
34.80671201814059,54.146122088508484
34.82993197278912,57.67786919428973
34.853151927437644,69.04203603751475
34.87637188208617,70.1884162269936
34.89959183673469,70.06638241582664
34.92281179138322,71.52111777147152
34.94603174603175,71.80254854319368
34.969251700680275,71.49109799456154
34.9924716553288,71.20029083373666
35.015691609977324,70.88372393433002
35.03891156462585,70.63410896023187
35.062131519274374,68.65591415022341
35.085351473922906,65.77225062452412
35.10857142857143,53.92163381987259
35.131791383219955,35.76740295691166
35.15501133786848,50.08662931482522
35.178231292517005,67.17078576526806
35.20145124716554,71.43278314876075
35.22467120181406,68.45981247351892
35.247891156462586,67.75152735319045
35.27111111111111,67.20735650152972
35.294331065759636,65.94800723662671
35.31755102040817,63.99290408800004
35.34077097505669,60.5051024573794
35.36399092970522,59.636446590096945
35.38721088435374,61.212198609216685
35.41043083900227,58.25910190250057
35.43365079365079,55.48650386919092
35.45687074829932,54.37516927117832
35.48009070294785,56.56940718703706
35.50331065759637,64.41804882951449
35.5265306122449,70.5055352657343
35.54975056689342,73.42058953421552
35.572970521541954,73.4405023515796
35.59619047619048,70.4457533713002
35.619410430839004,70.20400731075571
35.64263038548753,72.52141119606743
35.66585034013605,72.19564360798344
35.68907029478458,70.06849520979498
35.71229024943311,68.56594647556725
35.735510204081635,67.97989531425796
35.75873015873016,67.97382775040634
35.781950113378684,68.59195779040824
35.80517006802721,59.03359365917185
35.82839002267574,64.55840111033396
35.851609977324266,70.85293694616901
35.87482993197279,68.75030411338001
35.898049886621315,67.99738827830522
35.92126984126984,67.95972850926893
35.944489795918365,68.27721617880256
35.9677097505669,68.65757884439017
35.99092970521542,68.66746402910678
36.014149659863946,68.38626405791763
36.03736961451247,66.73897433115627
36.060589569160996,57.14366065431257
36.08380952380953,36.1990388324951
36.10702947845805,28.978406334714137
36.13024943310658,54.98170327726341
36.1534693877551,71.6115514793392
36.17668934240363,78.5050670876242
36.19990929705215,79.14954771079847
36.22312925170068,76.74421452730799
36.24634920634921,74.95199479501959
36.26956916099773,69.90909693777806
36.29278911564626,63.493044637166875
36.31600907029478,60.205082849683286
36.339229024943315,59.41234464572431
36.36244897959184,59.53982967027586
36.385668934240364,60.189366555452416
36.40888888888889,60.76489413512377
36.432108843537414,56.40747716934362
36.45532879818594,43.84878846025521
36.47854875283447,41.65978277681516
36.501768707482995,57.63154497428718
36.52498866213152,68.59482460529677
36.548208616780045,75.26017875391234
36.57142857142857,75.68192774519295
36.5946485260771,72.45342147388831
36.617868480725626,70.9609168359669
36.64108843537415,70.33396027390401
36.664308390022676,70.18624709401443
36.6875283446712,70.18505892318898
36.710748299319725,69.71647039607485
36.73396825396826,69.38571390310081
36.75718820861678,69.34271366710728
36.78040816326531,66.69689538397206
36.80362811791383,59.825991928914696
36.826848072562356,51.1153246313619
36.85006802721089,44.06142602631103
36.87328798185941,43.78498547815315
36.89650793650794,41.608331549658736
36.91972789115646,42.543583266566856
36.94294784580499,42.88599268009397
36.96616780045352,43.142698290109664
36.989387755102044,43.67689369343327
37.01260770975057,43.18477127732799
37.03582766439909,41.27274603260169
37.05904761904762,43.09464947159258
37.08226757369614,39.82585685583114
37.105487528344675,43.32108693663259
37.1287074829932,54.5611315145098
37.151927437641724,60.40166526518688
37.17514739229025,60.50643443797348
37.198367346938774,59.58467486245866
37.221587301587306,62.77675195905086
37.24480725623583,64.94295474464926
37.268027210884355,65.78439477427148
37.29124716553288,65.66920324380969
37.314467120181405,65.78028851563663
37.33768707482993,65.77354741538446
37.36090702947846,65.99804720348733
37.384126984126986,65.82337626820932
37.40734693877551,65.37897347105951
37.430566893424036,65.31569115006806
37.45378684807256,64.81129321302342
37.47700680272109,64.75026265075887
37.50022675736962,67.24567436335934
37.52344671201814,68.15558317577164
37.54666666666667,70.34840641005468
37.56988662131519,71.26211418551974
37.593106575963716,71.12684080942275
37.61632653061225,70.44744792428263
37.63954648526077,67.97339860002165
37.6627664399093,63.85500054107569
37.68598639455782,60.90543421193891
37.70920634920635,56.17649794362947
37.73242630385488,53.19611236916992
37.755646258503404,55.8695649878316
37.77886621315193,65.80434378441893
37.802086167800454,73.25129951129732
37.82530612244898,75.36902289286061
37.8485260770975,75.36375758918216
37.871746031746035,75.09242028913025
37.89496598639456,75.27118066104826
37.918185941043085,74.75853181644727
37.94140589569161,70.55859630755701
37.964625850340134,66.44495986522864
37.987845804988666,65.66842356600779
38.01106575963719,66.44646754015237
38.034285714285716,65.45006432061562
38.05750566893424,65.75669574709475
38.080725623582765,66.32623152931292
38.10394557823129,65.286610230284
38.12716553287982,67.40880259467996
38.15038548752835,68.62550837207247
38.17360544217687,67.43060178910875
38.196825396825396,65.47378077978354
38.22004535147392,66.1343027221156
38.24326530612245,67.78181030493818
38.26648526077098,68.33907912289342
38.2897052154195,68.15171298235707
38.31292517006803,67.86966656532925
38.33614512471655,67.6800945954685
38.35936507936508,67.55397447385859
38.38258503401361,67.1360686936594
38.40580498866213,66.40445174832097
38.42902494331066,65.43750795662476
38.45224489795918,63.78398428388753
38.47546485260771,59.19679981878692
38.49868480725624,47.33762839398416
38.521904761904764,29.205240409357042
38.54512471655329,20.80498019064941
38.568344671201814,18.57210063728633
38.59156462585034,18.608847411256647
38.61478458049887,15.966458795279397
38.638004535147395,15.143082490478152
38.66122448979592,13.305764610823225
38.684444444444445,8.741718070020074
38.70766439909297,12.233142831261167
38.730884353741494,13.52393334108222
38.754104308390026,11.098774262085676
38.77732426303855,10.025399040488406
38.800544217687076,13.737796858865924
38.8237641723356,14.924174057741155
38.846984126984125,10.400661897218095
38.87020408163266,12.65488286407923
38.89342403628118,13.039153963059247
38.91664399092971,9.470685182842422
38.93986394557823,9.58398761768706
38.963083900226756,9.209375732437675
38.98630385487528,10.0504466151057
39.00952380952381,11.069071065132492
39.03274376417234,11.596775645383756
39.05596371882086,12.309845989942431
39.07918367346939,12.869189167058856
39.10240362811791,9.702722590152062
39.125623582766444,10.138193986258074
39.14884353741497,12.505218110796559
39.172063492063494,13.598527117901067
39.19528344671202,11.277044565064548
39.21850340136054,9.651517428404993
39.24172335600907,12.512705006928922
39.2649433106576,11.577089429741187
39.288163265306125,8.572469211505046
39.31138321995465,9.656901208357173
39.334603174603174,13.721657117206911
39.3578231292517,14.711587548523301
39.38104308390023,10.896302904758834
39.404263038548756,9.275432102793925
39.42748299319728,12.758577576903532
39.450702947845805,15.591769786956462
39.47392290249433,12.941550930267816
39.497142857142855,10.611458517139795
39.52036281179139,12.487169263673884
39.54358276643991,8.98860664731393
39.566802721088436,11.987004395299675
39.59002267573696,11.407947359870292
39.613242630385486,9.701133556200562
39.63646258503402,10.226158012768108
39.65968253968254,10.277474321195943
39.68290249433107,6.502698913733559
39.70612244897959,4.156040576806465
39.72934240362812,2.2609866273110226
39.75256235827664,--undefined--
39.77578231292517,--undefined--
