time,pitch
0.023219954648526078,--undefined--
0.046439909297052155,--undefined--
0.06965986394557823,--undefined--
0.09287981859410431,--undefined--
0.11609977324263039,--undefined--
0.13931972789115646,--undefined--
0.16253968253968254,--undefined--
0.18575963718820862,--undefined--
0.2089795918367347,--undefined--
0.23219954648526078,--undefined--
0.25541950113378686,--undefined--
0.2786394557823129,--undefined--
0.301859410430839,--undefined--
0.3250793650793651,--undefined--
0.3482993197278912,--undefined--
0.37151927437641724,--undefined--
0.3947392290249433,--undefined--
0.4179591836734694,--undefined--
0.44117913832199546,--undefined--
0.46439909297052157,--undefined--
0.4876190476190476,--undefined--
0.5108390022675737,--undefined--
0.5340589569160998,--undefined--
0.5572789115646258,--undefined--
0.5804988662131519,--undefined--
0.603718820861678,--undefined--
0.626938775510204,--undefined--
0.6501587301587302,--undefined--
0.6733786848072563,--undefined--
0.6965986394557824,--undefined--
0.7198185941043084,--undefined--
0.7430385487528345,--undefined--
0.7662585034013606,--undefined--
0.7894784580498866,--undefined--
0.8126984126984127,--undefined--
0.8359183673469388,--undefined--
0.8591383219954649,--undefined--
0.8823582766439909,--undefined--
0.905578231292517,--undefined--
0.9287981859410431,--undefined--
0.9520181405895691,--undefined--
0.9752380952380952,--undefined--
0.9984580498866214,--undefined--
1.0216780045351475,--undefined--
1.0448979591836736,--undefined--
1.0681179138321997,--undefined--
1.0913378684807256,821.6009071551647
1.1145578231292517,--undefined--
1.1377777777777778,--undefined--
1.1609977324263039,--undefined--
1.18421768707483,--undefined--
1.207437641723356,--undefined--
1.2306575963718822,--undefined--
1.253877551020408,--undefined--
1.2770975056689342,281.2760753097606
1.3003174603174603,294.6256425486825
1.3235374149659864,296.17821993554725
1.3467573696145125,296.6649913255341
1.3699773242630386,297.0835297263162
1.3931972789115648,301.09773386742575
1.4164172335600906,310.4408891135667
1.4396371882086167,322.2610084842009
1.4628571428571429,336.119271902296
1.486077097505669,127.72494292960974
1.509297052154195,69.82294526120711
1.5325170068027212,65.83925597876389
1.5557369614512473,65.37069051901459
1.5789569160997732,65.21696235325986
1.6021768707482993,78.54239624117722
1.6253968253968254,80.97352034898076
1.6486167800453515,80.95114796784574
1.6718367346938776,67.83056061070508
1.6950566893424037,66.07574916186377
1.7182766439909298,67.14369695311157
1.7414965986394557,67.27137733279608
1.7647165532879818,66.46241023926098
1.787936507936508,296.75893067130914
1.811156462585034,331.27122346121934
1.8343764172335602,307.3899377296293
1.8575963718820863,285.7313311794405
1.8808163265306124,--undefined--
1.9040362811791383,--undefined--
1.9272562358276644,75.23450930945715
1.9504761904761905,67.38702042769346
1.9736961451247166,66.21270906403358
1.9969160997732427,65.68248073752923
2.020136054421769,65.81859769032617
2.043356009070295,66.45064837724847
2.066575963718821,66.5393107858473
2.089795918367347,65.98016525015783
2.1130158730158732,297.03449194164205
2.1362358276643993,340.2820787346101
2.159455782312925,333.4936826345557
2.182675736961451,307.4328689506315
2.2058956916099772,306.8346563496215
2.2291156462585033,343.8465591008308
2.2523356009070294,346.03102080350425
2.2755555555555556,344.8952418748341
2.2987755102040817,344.9584389072044
2.3219954648526078,345.02837319429983
2.345215419501134,360.0481226000481
2.36843537414966,373.52826219899083
2.391655328798186,375.82043152371034
2.414875283446712,364.3656667758829
2.4380952380952383,--undefined--
2.4613151927437644,--undefined--
2.48453514739229,--undefined--
2.507755102040816,--undefined--
2.5309750566893423,--undefined--
2.5541950113378684,--undefined--
2.5774149659863945,304.1461535401258
2.6006349206349206,298.93335323027395
2.6238548752834467,298.3044196002622
2.647074829931973,297.6262052512445
2.670294784580499,304.0444215968035
2.693514739229025,311.18674219618094
2.716734693877551,308.0489823394644
2.7399546485260773,301.06356117228967
2.7631746031746034,302.2585918779285
2.7863945578231295,308.7267040936763
2.809614512471655,318.25672726944237
2.8328344671201813,321.1255977900751
2.8560544217687074,313.0584312214155
2.8792743764172335,--undefined--
2.9024943310657596,--undefined--
2.9257142857142857,944.8719163619452
2.948934240362812,--undefined--
2.972154195011338,--undefined--
2.995374149659864,--undefined--
3.01859410430839,--undefined--
3.0418140589569163,--undefined--
3.0650340136054424,--undefined--
3.0882539682539685,--undefined--
3.1114739229024946,--undefined--
3.1346938775510207,--undefined--
3.1579138321995464,--undefined--
3.1811337868480725,--undefined--
3.2043537414965986,214.84593869969748
3.2275736961451247,227.02974619852154
3.250793650793651,225.20895929033856
3.274013605442177,223.91960205690728
3.297233560090703,230.89763029003623
3.320453514739229,239.91204984089194
3.3436734693877552,239.4326041908781
3.3668934240362813,227.25599389157856
3.3901133786848074,214.88439148365677
3.4133333333333336,--undefined--
3.4365532879818597,--undefined--
3.4597732426303858,--undefined--
3.4829931972789114,--undefined--
3.5062131519274375,233.4101442653798
3.5294331065759637,233.03835393288733
3.5526530612244898,228.14048035740322
3.575873015873016,227.54932382609022
3.599092970521542,228.72656326689108
3.622312925170068,230.90475932793453
3.645532879818594,232.19881963165963
3.6687528344671203,234.1409570827391
3.6919727891156464,230.538086522089
3.7151927437641725,231.20607700573254
3.7384126984126986,226.11801994134615
3.7616326530612247,221.90561490699287
3.784852607709751,221.61640788616555
3.8080725623582765,223.3713194816827
3.8312925170068026,233.07244285501886
3.8545124716553287,253.7171351373162
3.877732426303855,286.6247229262699
3.900952380952381,306.4108228156012
3.924172335600907,307.55273575929397
3.947392290249433,313.8759138073776
3.9706122448979593,331.8909894562126
3.9938321995464854,344.5898952147845
4.017052154195011,353.9868086061968
4.040272108843538,355.0546876641256
4.063492063492063,354.898190983243
4.08671201814059,354.6449174731453
4.1099319727891155,312.34571597994034
4.133151927437642,--undefined--
4.156371882086168,844.7463313500111
4.179591836734694,--undefined--
4.20281179138322,277.91494076601396
4.2260317460317465,294.3904760091423
4.249251700680272,302.21860021003454
4.272471655328799,301.5824265674264
4.295691609977324,297.63675564553336
4.31891156462585,301.4417572938262
4.342131519274377,305.59394574295516
4.365351473922902,308.94604495218147
4.388571428571429,311.70104873872407
4.4117913832199545,313.81360659805864
4.435011337868481,297.2907440946058
4.458231292517007,274.70645175513226
4.481451247165533,--undefined--
4.504671201814059,--undefined--
4.527891156462585,340.13394156771585
4.551111111111111,338.8639870972419
4.574331065759638,331.3834217513399
4.597551020408163,332.2425531776194
4.62077097505669,337.35007500692655
4.6439909297052155,351.54138835058285
4.667210884353741,384.2136092604869
4.690430839002268,--undefined--
4.713650793650793,--undefined--
4.73687074829932,--undefined--
4.760090702947846,--undefined--
4.783310657596372,--undefined--
4.806530612244898,--undefined--
4.829750566893424,--undefined--
4.85297052154195,83.49286389570955
4.876190476190477,69.87705025065151
4.899410430839002,65.84584845044822
4.922630385487529,65.3911970976125
4.9458503401360545,81.31898664721939
4.96907029478458,89.90950788462996
4.992290249433107,93.72683063575366
5.015510204081632,94.15041294616046
5.038730158730159,93.19101067585564
5.061950113378685,92.32637134371535
5.085170068027211,341.6905115710217
5.108390022675737,351.32744169792727
5.131609977324263,--undefined--
5.154829931972789,--undefined--
5.178049886621316,282.3616438005442
5.201269841269841,283.1669096613506
5.224489795918368,297.35490451568495
5.2477097505668935,305.7512786411166
5.27092970521542,300.61754984911903
5.294149659863946,293.7826109646814
5.317369614512471,292.1340616112108
5.340589569160998,298.8036319469574
5.363809523809524,304.90916629132124
5.38702947845805,309.15921212546755
5.410249433106576,307.899337698598
5.433469387755102,306.2663732792773
5.456689342403628,306.1386802286285
5.479909297052155,304.9069505468175
5.50312925170068,305.99611322254856
5.526349206349207,307.7714314434187
5.5495691609977325,308.5103455150873
5.572789115646259,311.4799129066167
5.596009070294785,316.0437377510615
5.61922902494331,318.46384472835234
5.642448979591837,318.93212144222207
5.6656689342403626,315.22556519131547
5.688888888888889,315.6598108182465
5.712108843537415,320.06421197679583
5.735328798185941,321.8958012635334
5.758548752834467,322.9652878053808
5.7817687074829935,--undefined--
5.804988662131519,--undefined--
5.828208616780046,--undefined--
5.851428571428571,--undefined--
5.874648526077098,--undefined--
5.897868480725624,--undefined--
5.92108843537415,--undefined--
5.944308390022676,--undefined--
5.9675283446712015,--undefined--
5.990748299319728,--undefined--
6.013968253968254,--undefined--
6.03718820861678,--undefined--
6.060408163265306,--undefined--
6.0836281179138325,--undefined--
6.106848072562358,--undefined--
6.130068027210885,--undefined--
6.15328798185941,370.2176824507463
6.176507936507937,375.8504702491817
6.199727891156463,141.5144750379061
6.222947845804989,95.73041650512317
6.246167800453515,94.72001818079237
6.269387755102041,93.66073134471549
6.292607709750567,92.69457164091755
6.315827664399093,92.24395835935714
6.339047619047619,92.71606382049501
6.362267573696145,92.72475116013112
6.3854875283446715,90.14587208949017
6.408707482993197,91.38428067249394
6.431927437641724,92.15067466000211
6.455147392290249,92.25937650005976
6.478367346938776,92.07845840839462
6.501587301587302,91.64048582141746
6.524807256235828,96.27354183568788
6.548027210884354,95.54245488256106
6.57124716553288,93.0453101208015
6.594467120181406,91.78949009799318
6.617687074829932,95.09679541752045
6.640907029478458,99.0564446242036
6.664126984126984,100.1769734520714
6.6873469387755105,99.4377775357075
6.710566893424036,99.19601831019959
6.733786848072563,99.43537618245118
6.757006802721088,96.79056375347976
6.780226757369615,151.03932445748376
6.8034467120181406,--undefined--
6.826666666666667,--undefined--
6.849886621315193,85.60766222935443
6.873106575963719,91.21655498476801
6.896326530612245,94.69687266051275
6.9195464852607715,94.42644737096498
6.942766439909297,93.8037550728233
6.965986394557823,93.8872070175296
6.989206349206349,93.96155035512352
7.012426303854875,94.11044627457905
7.035646258503402,93.51604255650634
7.058866213151927,91.36105211301694
7.082086167800454,325.2846635089355
7.1053061224489795,336.19975827419813
7.128526077097506,297.6000735979423
7.151746031746032,282.79505308765107
7.174965986394558,303.36633045329336
7.198185941043084,311.6733654621449
7.2214058956916105,317.315070116716
7.244625850340136,319.12493751357204
7.267845804988662,317.5132198340762
7.291065759637188,317.95794063378145
7.314285714285714,326.6775650521075
7.337505668934241,340.52217323942455
7.360725623582766,360.1093150415914
7.383945578231293,381.28175286726855
7.4071655328798185,--undefined--
7.430385487528345,--undefined--
7.453605442176871,--undefined--
7.476825396825397,320.32431947333686
7.500045351473923,315.8313688782675
7.5232653061224495,311.77916243966854
7.546485260770975,306.1726986456895
7.569705215419502,307.03241856062505
7.592925170068027,320.722157463279
7.616145124716553,109.46309399455262
7.63936507936508,67.03188365141577
7.662585034013605,66.41887262605783
7.685804988662132,66.02377497524364
7.7090249433106575,66.40001574539342
7.732244897959184,66.54217114298342
7.75546485260771,66.27055877930762
7.778684807256236,66.69440708275609
7.801904761904762,81.9815094918985
7.8251247165532885,70.7057550019911
7.848344671201814,67.45816008276246
7.871564625850341,66.91002452739
7.894784580498866,65.8536453821035
7.918004535147393,65.1371170215717
7.9412244897959186,65.33128226048133
7.964444444444444,66.44384923768044
7.987664399092971,66.77027082328748
8.010884353741497,66.39580439251266
8.034104308390022,65.77825398156867
8.057324263038549,65.63224009082192
8.080544217687075,65.77159173393983
8.103764172335602,66.0232421961776
8.126984126984127,66.05788180402547
8.150204081632653,65.75344483466255
8.17342403628118,65.23071419747646
8.196643990929706,100.5821520927504
8.219863945578231,105.85736687904074
8.243083900226758,104.39882632558584
8.266303854875284,283.49954648424995
8.289523809523809,325.6473519886876
8.312743764172335,326.4589695652616
8.335963718820862,319.1329101714853
8.359183673469389,--undefined--
8.382403628117913,--undefined--
8.40562358276644,--undefined--
8.428843537414966,--undefined--
8.452063492063493,--undefined--
8.475283446712018,--undefined--
8.498503401360544,--undefined--
8.52172335600907,--undefined--
8.544943310657597,--undefined--
8.568163265306122,--undefined--
8.591383219954649,--undefined--
8.614603174603175,--undefined--
8.6378231292517,--undefined--
8.661043083900227,--undefined--
8.684263038548753,--undefined--
8.70748299319728,--undefined--
8.730702947845805,--undefined--
8.753922902494331,--undefined--
8.777142857142858,--undefined--
8.800362811791384,86.99893064568916
8.823582766439909,91.52748335358702
8.846802721088436,92.32384629503778
8.870022675736962,91.87481789665091
8.893242630385489,91.8272112294232
8.916462585034013,91.90742738544032
8.93968253968254,92.2004635183738
8.962902494331066,92.5710684455592
8.986122448979591,92.76356314632218
9.009342403628118,92.1724766884548
9.032562358276644,322.4842647380296
9.05578231292517,324.65666126647795
9.079002267573696,284.88685216393674
9.102222222222222,--undefined--
9.125442176870749,92.57295199112049
9.148662131519275,93.28507175177005
9.1718820861678,90.21708718033959
9.195102040816327,90.99233982704033
9.218321995464853,95.1074452178147
9.24154195011338,98.08877531005997
9.264761904761905,98.7912429177554
9.287981859410431,98.2445384464229
9.311201814058958,97.42437069219218
9.334421768707482,--undefined--
9.357641723356009,--undefined--
9.380861678004536,--undefined--
9.404081632653062,--undefined--
9.427301587301587,--undefined--
9.450521541950113,97.68773352589167
9.47374149659864,96.41792564576336
9.496961451247167,93.8352940997568
9.520181405895691,92.06077731635379
9.543401360544218,91.1875859476566
9.566621315192744,91.28182146508954
9.58984126984127,91.78534019463223
9.613061224489796,92.35013928728898
9.636281179138322,92.5594963623401
9.659501133786849,90.67075750020653
9.682721088435374,298.8621849317844
9.7059410430839,318.3264521883084
9.729160997732427,303.35840173655146
9.752380952380953,292.55223907089163
9.775600907029478,301.8155554463013
9.798820861678005,304.5989532329758
9.822040816326531,308.95199994849946
9.845260770975058,311.31205393542785
9.868480725623583,310.6268860851709
9.891700680272109,311.70229878866
9.914920634920636,315.0041923447989
9.93814058956916,317.07003459739207
9.961360544217687,315.78802917542004
9.984580498866214,312.48520597377114
10.00780045351474,301.0937787360032
10.031020408163265,263.3873484514923
10.054240362811791,308.96356163578986
10.077460317460318,308.68470143834253
10.100680272108844,307.1792964897157
10.12390022675737,303.48443662588375
10.147120181405896,296.7433148496872
10.170340136054422,296.38240656467593
10.193560090702949,298.23611462825664
10.216780045351474,297.9705903902891
10.24,302.48134907862675
10.263219954648527,301.0521060392964
10.286439909297052,301.0675768822844
10.309659863945578,266.2251137284701
10.332879818594105,244.76394272568453
10.356099773242631,--undefined--
10.379319727891156,--undefined--
10.402539682539683,288.11137349546203
10.425759637188209,289.95712518610327
10.448979591836736,106.1530899643015
10.47219954648526,68.27562608406512
10.495419501133787,67.66762733647478
10.518639455782314,68.9569639842761
10.54185941043084,251.83210037899843
10.565079365079365,295.1324750998473
10.588299319727891,295.36283586709834
10.611519274376418,291.77465310630276
10.634739229024943,291.51585391878854
10.65795918367347,295.78812366590165
10.681179138321996,301.3612586787364
10.704399092970522,301.2278258893861
10.727619047619047,296.2238989979118
10.750839002267574,294.1362669507073
10.7740589569161,299.11187063344795
10.797278911564627,301.34007984820744
10.820498866213152,304.2708539746396
10.843718820861678,307.33158607681605
10.866938775510205,309.2867806401891
10.890158730158731,312.5813153517039
10.913378684807256,303.46499476213074
10.936598639455783,--undefined--
10.95981859410431,--undefined--
10.983038548752834,--undefined--
11.00625850340136,--undefined--
11.029478458049887,--undefined--
11.052698412698414,--undefined--
11.075918367346938,69.63812628148357
11.099138321995465,69.73746144040582
11.122358276643991,68.7447456956384
11.145578231292518,68.05057239378297
11.168798185941043,68.76808968773618
11.19201814058957,69.18140878787872
11.215238095238096,69.09437943025615
11.23845804988662,68.65100556011846
11.261678004535147,68.51684991679612
11.284897959183674,258.0142946378246
11.3081179138322,310.6503156031485
11.331337868480725,315.46696682548014
11.354557823129252,--undefined--
11.377777777777778,--undefined--
11.400997732426305,--undefined--
11.42421768707483,--undefined--
11.447437641723356,--undefined--
11.470657596371883,--undefined--
11.49387755102041,--undefined--
11.517097505668934,--undefined--
11.54031746031746,--undefined--
11.563537414965987,--undefined--
11.586757369614512,--undefined--
11.609977324263038,--undefined--
11.633197278911565,--undefined--
11.656417233560092,--undefined--
11.679637188208616,223.48549689572772
11.702857142857143,239.00021755237557
11.72607709750567,282.25882265132327
11.749297052154196,306.52443935780326
11.77251700680272,305.9443381980721
11.795736961451247,311.92655871419714
11.818956916099774,324.368912558742
11.8421768707483,337.60575990782894
11.865396825396825,112.6628712802638
11.888616780045352,82.00116224769896
11.911836734693878,70.10568635122205
11.935056689342403,66.8614923130199
11.95827664399093,66.83734328528777
11.981496598639456,66.68947068162281
12.004716553287983,66.87812114973758
12.027936507936507,67.47183638892335
12.051156462585034,67.00741099443911
12.07437641723356,66.12456977136888
12.097596371882087,65.60514169516549
12.120816326530612,65.4194627725678
12.144036281179138,65.47375809880398
12.167256235827665,65.51402924832733
12.190476190476192,65.65599679230203
12.213696145124716,65.6276730525312
12.236916099773243,66.03898103871283
12.26013605442177,66.32995538123365
12.283356009070294,66.44500493099604
12.30657596371882,66.50906010273138
12.329795918367347,66.48440695321675
12.353015873015874,66.9191274828105
12.376235827664399,66.96032764273788
12.399455782312925,66.56451614506415
12.422675736961452,65.4963191567365
12.445895691609978,65.13978961794797
12.469115646258503,65.6780985163592
12.49233560090703,66.67059506050038
12.515555555555556,67.50071840753182
12.538775510204083,82.70886830314069
12.561995464852608,85.85874358670705
12.585215419501134,69.35438832278798
12.60843537414966,65.44366396573024
12.631655328798185,76.65331239164179
12.654875283446712,78.7530510125953
12.678095238095239,85.50343042413874
12.701315192743765,85.87834336720847
12.72453514739229,70.01624258761305
12.747755102040816,66.30487996334814
12.770975056689343,84.26634489954367
12.79419501133787,91.60543615629068
12.817414965986394,93.4975577919078
12.84063492063492,93.17510724989826
12.863854875283447,92.89397655138238
12.887074829931972,93.22246645508822
12.910294784580499,--undefined--
12.933514739229025,--undefined--
12.956734693877552,--undefined--
12.979954648526077,--undefined--
13.003174603174603,--undefined--
13.02639455782313,323.6038233532904
13.049614512471656,317.8374058622992
13.072834467120181,311.2297931689766
13.096054421768708,301.5176611453971
13.119274376417234,295.4524927943642
13.14249433106576,295.8811249098602
13.165714285714285,302.55344174094455
13.188934240362812,302.7096528954334
13.212154195011339,299.83040569095436
13.235374149659863,303.57612820084415
13.25859410430839,315.38980236769885
13.281814058956916,325.37512959318826
13.305034013605443,344.71131420951104
13.328253968253968,--undefined--
13.351473922902494,--undefined--
13.374693877551021,--undefined--
13.397913832199547,--undefined--
13.421133786848072,--undefined--
13.444353741496599,--undefined--
13.467573696145125,--undefined--
13.490793650793652,--undefined--
13.514013605442177,--undefined--
13.537233560090703,--undefined--
13.56045351473923,859.2165415040531
13.583673469387755,--undefined--
13.606893424036281,--undefined--
13.630113378684808,--undefined--
13.653333333333334,--undefined--
13.676553287981859,251.6694922410695
13.699773242630386,228.7172961619231
13.722993197278912,222.2789404780538
13.746213151927439,220.944762704371
13.769433106575963,221.52618703999164
13.79265306122449,222.30129724711935
13.815873015873017,223.54257736033694
13.839092970521543,222.18011451683856
13.862312925170068,217.00160721243228
13.885532879818594,220.8085501790504
13.908752834467121,222.9444171720182
13.931972789115646,222.88868306734045
13.955192743764172,221.0607984614488
13.978412698412699,216.62333025589342
14.001632653061225,218.4453615220931
14.02485260770975,224.36763934330418
14.048072562358277,225.2471487879019
14.071292517006803,224.13843345695625
14.09451247165533,224.39483689268425
14.117732426303855,221.9502809458616
14.140952380952381,220.56652976509176
14.164172335600908,223.02571604110435
14.187392290249434,226.81220596333895
14.210612244897959,224.24952985536984
14.233832199546486,223.1417013322244
14.257052154195012,222.6984317910363
14.280272108843537,224.62888121882966
14.303492063492063,237.31902310948692
14.32671201814059,273.92033637163706
14.349931972789117,293.58373361067805
14.373151927437641,298.73282711611245
14.396371882086168,312.2358994088516
14.419591836734694,320.95890119538694
14.442811791383221,337.4578398713931
14.466031746031746,350.68106984441687
14.489251700680272,358.21933012570554
14.512471655328799,361.2843643238833
14.535691609977324,359.86373098072255
14.55891156462585,348.9396060184682
14.582131519274377,320.27379695783645
14.605351473922903,--undefined--
14.628571428571428,--undefined--
14.651791383219955,317.1233833509566
14.675011337868481,314.9198303037698
14.698231292517008,312.58286506697016
14.721451247165533,304.42304744183997
14.744671201814059,301.3180773435052
14.767891156462586,300.9851849797348
14.791111111111112,305.8455597674609
14.814331065759637,313.2768070783089
14.837551020408164,315.9519240267732
14.86077097505669,315.99874998230115
14.883990929705215,315.8103882396506
14.907210884353741,313.70312177671883
14.930430839002268,313.2742993437962
14.953650793650795,311.5701352262638
14.97687074829932,328.76900884197465
15.000090702947846,355.8653402579341
15.023310657596372,115.30349276016602
15.046530612244899,65.70446508369851
15.069750566893424,65.61840907354029
15.09297052154195,65.89073828371038
15.116190476190477,66.16664156951754
15.139410430839003,66.04189495907328
15.162630385487528,65.9961051507986
15.185850340136055,65.71913746038662
15.209070294784581,65.18508934176903
15.232290249433106,75.63371980584269
15.255510204081633,67.76694790406977
15.27873015873016,--undefined--
15.301950113378686,111.17272299403835
15.32517006802721,111.42876127579315
15.348390022675737,73.92551502364208
15.371609977324264,66.20320049902273
15.39482993197279,83.56549347510477
15.418049886621315,91.15769077006921
15.441269841269841,93.83378442799305
15.464489795918368,92.63889217695662
15.487709750566895,90.55776986927614
15.51092970521542,90.91241499362508
15.534149659863946,86.24882832473534
15.557369614512472,--undefined--
15.580589569160997,--undefined--
15.603809523809524,--undefined--
15.62702947845805,--undefined--
15.650249433106577,--undefined--
15.673469387755102,304.8188795723307
15.696689342403628,308.28076950504754
15.719909297052155,306.52642824979574
15.743129251700681,303.63868157698005
15.766349206349206,297.3821800305272
15.789569160997733,297.01639377208954
15.81278911564626,301.8606891031155
15.836009070294786,304.4646819395469
15.85922902494331,304.2286339137624
15.882448979591837,306.47168847619855
15.905668934240364,304.08666909018433
15.928888888888888,300.75643051609546
15.952108843537415,302.0381624185891
15.975328798185942,302.09582516568537
15.998548752834468,299.73653119784944
16.021768707482995,298.7428977952746
16.04498866213152,296.81017508876755
16.068208616780044,285.49204352717186
16.091428571428573,264.60579419569984
16.114648526077097,--undefined--
16.137868480725626,--undefined--
16.16108843537415,--undefined--
16.184308390022675,283.74087227915135
16.207528344671204,267.2514845235614
16.23074829931973,--undefined--
16.253968253968253,--undefined--
16.27718820861678,--undefined--
16.300408163265306,--undefined--
16.32362811791383,--undefined--
16.34684807256236,--undefined--
16.370068027210884,--undefined--
16.393287981859412,--undefined--
16.416507936507937,--undefined--
16.439727891156462,--undefined--
16.46294784580499,--undefined--
16.486167800453515,--undefined--
16.50938775510204,--undefined--
16.532607709750568,--undefined--
16.555827664399093,--undefined--
16.579047619047618,--undefined--
16.602267573696146,--undefined--
16.62548752834467,89.78072421469193
16.6487074829932,92.03636416033694
16.671927437641724,91.64260959908032
16.69514739229025,90.93862397807588
16.718367346938777,91.08535186478704
16.741587301587302,91.87997002382022
16.764807256235827,92.3795079611347
16.788027210884355,92.33269864251464
16.81124716553288,92.39592068260579
16.834467120181408,93.6174730467793
16.857687074829933,94.07551366685469
16.880907029478458,93.59786979023812
16.904126984126986,92.61767447617143
16.92734693877551,95.95462483992534
16.950566893424035,94.77139990337233
16.973786848072564,92.09404099187884
16.99700680272109,92.65406420375119
17.020226757369613,97.436720825966
17.04344671201814,100.21016809885427
17.066666666666666,100.92665924873596
17.089886621315195,100.53099489359323
17.11310657596372,99.66295253571721
17.136326530612244,99.04489025699647
17.159546485260773,99.21643779607732
17.182766439909297,99.62272398928802
17.205986394557822,94.31591824855939
17.22920634920635,92.4742363162578
17.252426303854875,97.7078278189727
17.2756462585034,95.89573113617384
17.29886621315193,93.84926889284104
17.322086167800453,93.2576479348896
17.34530612244898,93.72742844650689
17.368526077097506,94.78214977850985
17.39174603174603,93.56396123713924
17.41496598639456,87.56467907990869
17.438185941043084,78.10673703603105
17.46140589569161,--undefined--
17.484625850340137,--undefined--
17.507845804988662,--undefined--
17.531065759637187,--undefined--
17.554285714285715,330.686515549465
17.57750566893424,310.7857295429325
17.60072562358277,308.2497827158812
17.623945578231293,301.1410660251183
17.647165532879818,297.7312550649292
17.670385487528346,296.4030165672298
17.69360544217687,298.90702149620313
17.716825396825396,300.9511181929539
17.740045351473924,300.0757023396303
17.76326530612245,300.79370664989284
17.786485260770977,302.51827104492264
17.809705215419502,308.86695736423417
17.832925170068027,313.3100694336212
17.856145124716555,318.04986508526815
17.87936507936508,325.59523661956086
17.902585034013605,311.97720848736043
17.925804988662133,307.3365918540437
17.949024943310658,303.9313907600732
17.972244897959182,310.8945648907863
17.99546485260771,331.84665338416187
18.018684807256236,343.0397430609682
18.041904761904764,343.8614824986144
18.06512471655329,340.83179502574774
18.088344671201813,337.64388017981486
18.11156462585034,342.93611142773284
18.134784580498867,346.6864256179409
18.15800453514739,348.5247915942671
18.18122448979592,351.01704648231885
18.204444444444444,131.3520153666526
18.22766439909297,86.74815773374026
18.250884353741498,85.79565178429569
18.274104308390022,70.63112427577478
18.29732426303855,66.50173194621235
18.320544217687075,65.84830111818495
18.3437641723356,66.10997247659138
18.36698412698413,66.48697520030072
18.390204081632653,66.63775107081949
18.413424036281178,66.78657154671596
18.436643990929706,66.83942999269584
18.45986394557823,66.78349355195705
18.48308390022676,66.4141722339756
18.506303854875284,66.02291275067525
18.52952380952381,65.786223456827
18.552743764172337,65.8113374486883
18.575963718820862,65.95043444245616
18.599183673469387,65.19884162165891
18.622403628117915,142.22112940899
18.64562358276644,280.69079377662854
18.668843537414965,299.67569200144857
18.692063492063493,300.06276340989893
18.715283446712018,107.26563258228637
18.738503401360546,68.46128487957891
18.76172335600907,67.20126847835546
18.784943310657596,--undefined--
18.808163265306124,--undefined--
18.83138321995465,--undefined--
18.854603174603174,--undefined--
18.877823129251702,--undefined--
18.901043083900227,--undefined--
18.92426303854875,--undefined--
18.94748299319728,--undefined--
18.970702947845805,--undefined--
18.993922902494333,--undefined--
19.017142857142858,--undefined--
19.040362811791383,--undefined--
19.06358276643991,--undefined--
19.086802721088436,--undefined--
19.11002267573696,--undefined--
19.13324263038549,244.41259314781527
19.156462585034014,268.0212746580768
19.17968253968254,319.62715793952805
19.202902494331067,369.39637733015303
19.22612244897959,142.60163766480744
19.24934240362812,96.0240053049644
19.272562358276645,94.70027888242606
19.29578231292517,92.7895663447506
19.319002267573698,93.26610993092396
19.342222222222222,95.02184806461881
19.365442176870747,96.03206205401305
19.388662131519276,95.32066366431052
19.4118820861678,91.87240972452703
19.43510204081633,--undefined--
19.458321995464853,--undefined--
19.481541950113378,--undefined--
19.504761904761907,--undefined--
19.52798185941043,--undefined--
19.551201814058956,94.27719241316844
19.574421768707484,94.75882851958252
19.59764172335601,91.00328983863079
19.620861678004534,91.61892647355452
19.644081632653062,96.65376979515834
19.667301587301587,99.99710207413031
19.690521541950115,100.3593237110406
19.71374149659864,98.51026800060828
19.736961451247165,97.62246101134548
19.760181405895693,97.98348144731867
19.783401360544218,98.50004562262495
19.806621315192743,96.892704444816
19.82984126984127,90.88636076556578
19.853061224489796,88.85983649866485
19.87628117913832,94.41935427332543
19.89950113378685,94.58929278795664
19.922721088435374,94.28123505505577
19.945941043083902,93.82655989569344
19.969160997732427,93.05989383018915
19.99238095238095,93.17333586364279
20.01560090702948,93.7331490120146
20.038820861678005,95.21314806410585
20.06204081632653,89.88563049203611
20.085260770975058,--undefined--
20.108480725623583,--undefined--
20.13170068027211,--undefined--
20.154920634920636,--undefined--
20.17814058956916,--undefined--
20.20136054421769,--undefined--
20.224580498866214,102.21397412422068
20.24780045351474,100.13184355195791
20.271020408163267,99.0377234778467
20.29424036281179,97.88744625540822
20.317460317460316,94.17358353126774
20.340680272108845,95.56287646212766
20.36390022675737,97.395267916347
20.387120181405898,99.34070455847893
20.410340136054423,99.92749322443535
20.433560090702947,99.16591619010623
20.456780045351476,98.13029542794033
20.48,97.52958314786045
20.503219954648525,97.25958225355083
20.526439909297054,101.03853515596924
20.54965986394558,101.1147041809538
20.572879818594103,100.57614957740344
20.59609977324263,101.62772235716845
20.619319727891156,88.97737573529248
20.642539682539685,89.42050784965751
20.66575963718821,90.39339560894584
20.688979591836734,89.24451059156614
20.712199546485262,88.27767500657882
20.735419501133787,88.15563766630493
20.758639455782312,88.44867764476209
20.78185941043084,88.4022905945286
20.805079365079365,88.28755429794556
20.82829931972789,88.6444981306232
20.851519274376418,89.5022896794151
20.874739229024943,90.09219387377092
20.89795918367347,89.86477435165583
20.921179138321996,89.13893242680398
20.94439909297052,88.5657153879409
20.96761904761905,88.37514755067379
20.990839002267574,88.45494826293404
21.0140589569161,88.31034279538757
21.037278911564627,88.14684962650696
21.060498866213152,87.49061712566281
21.08371882086168,87.76563103604123
21.106938775510205,97.03619984054492
21.13015873015873,--undefined--
21.153378684807258,--undefined--
21.176598639455783,--undefined--
21.199818594104308,--undefined--
21.223038548752836,--undefined--
21.24625850340136,--undefined--
21.269478458049885,--undefined--
21.292698412698414,--undefined--
21.31591836734694,--undefined--
21.339138321995467,--undefined--
21.36235827664399,--undefined--
21.385578231292516,--undefined--
21.408798185941045,--undefined--
21.43201814058957,--undefined--
21.455238095238094,223.54600955363202
21.478458049886623,230.30593069324664
21.501678004535147,240.70709686710433
21.524897959183672,239.16142936065097
21.5481179138322,235.429225934796
21.571337868480725,236.2640153057292
21.594557823129254,237.29287196392133
21.61777777777778,231.9532965398909
21.640997732426303,--undefined--
21.66421768707483,--undefined--
21.687437641723356,--undefined--
21.71065759637188,--undefined--
21.73387755102041,--undefined--
21.757097505668934,--undefined--
21.780317460317463,--undefined--
21.803537414965987,--undefined--
21.826757369614512,266.34522984745064
21.84997732426304,272.55247141996705
21.873197278911565,267.9944744873581
21.89641723356009,262.4854471640611
21.91963718820862,260.8025255832725
21.942857142857143,260.5108870024858
21.966077097505668,262.27417385128524
21.989297052154196,263.1170064437895
22.01251700680272,253.76444338627837
22.03573696145125,246.91696558910303
22.058956916099774,233.17721337699496
22.0821768707483,--undefined--
22.105396825396827,--undefined--
22.128616780045352,301.3260642048169
22.151836734693877,300.7575496009687
22.175056689342405,307.07658678367517
22.19827664399093,309.44710665821987
22.221496598639455,306.6051075115506
22.244716553287983,302.220151950396
22.267936507936508,302.0748963630078
22.291156462585036,298.43620709308055
22.31437641723356,298.30149851129727
22.337596371882086,299.7728123696843
22.360816326530614,305.49894128314406
22.38403628117914,320.51933005713494
22.407256235827663,338.1679159270103
22.430476190476192,336.39942733360016
22.453696145124717,--undefined--
22.47691609977324,--undefined--
22.50013605442177,--undefined--
22.523356009070294,--undefined--
22.546575963718823,--undefined--
22.569795918367348,--undefined--
22.593015873015872,--undefined--
22.6162358276644,--undefined--
22.639455782312925,--undefined--
22.66267573696145,--undefined--
22.68589569160998,--undefined--
22.709115646258503,--undefined--
22.73233560090703,--undefined--
22.755555555555556,332.6343707923325
22.77877551020408,338.049219005511
22.80199546485261,--undefined--
22.825215419501134,87.11759033832823
22.84843537414966,70.54433425196322
22.871655328798187,66.84895041035726
22.894875283446712,67.31061571146447
22.918095238095237,82.90636526412085
22.941315192743765,--undefined--
22.96453514739229,--undefined--
22.98775510204082,--undefined--
23.010975056689343,--undefined--
23.034195011337868,--undefined--
23.057414965986396,--undefined--
23.08063492063492,--undefined--
23.103854875283446,--undefined--
23.127074829931974,89.83743375285295
23.1502947845805,91.72542801438341
23.173514739229024,90.79769966501063
23.196734693877552,90.16301558500304
23.219954648526077,90.35104809950114
23.243174603174605,90.58738102443493
23.26639455782313,91.52980864174796
23.289614512471655,92.00903535558689
23.312834467120183,89.38338869516686
23.336054421768708,79.45012907566655
23.359274376417233,--undefined--
23.38249433106576,--undefined--
23.405714285714286,--undefined--
23.428934240362814,434.7769617131432
23.45215419501134,474.84882037905385
23.475374149659864,--undefined--
23.498594104308392,89.52867909710137
23.521814058956917,88.64311869904228
23.54503401360544,88.71891877248348
23.56825396825397,89.13198650382878
23.591473922902495,89.72963289373436
23.61469387755102,89.9735613665571
23.637913832199548,89.65722694144789
23.661133786848072,89.36977894955902
23.6843537414966,89.15695912224851
23.707573696145126,88.18275563631423
23.73079365079365,84.08185727363727
23.75401360544218,92.36745454380409
23.777233560090703,92.15854856051952
23.800453514739228,93.40477980954417
23.823673469387757,94.45833534522166
23.84689342403628,95.2839619148941
23.870113378684806,95.89509462390903
23.893333333333334,95.583129313194
23.91655328798186,94.92562766720776
23.939773242630388,94.23872688757818
23.962993197278912,93.73456507983818
23.986213151927437,94.34397149727916
24.009433106575965,92.00096426864319
24.03265306122449,91.60208180452794
24.055873015873015,90.95768043974185
24.079092970521543,93.13284134182759
24.102312925170068,94.45737016140689
24.125532879818593,94.40151714704741
24.14875283446712,93.94371020240881
24.171972789115646,93.91136117582751
24.195192743764174,94.28625885009414
24.2184126984127,95.66882765245741
24.241632653061224,--undefined--
24.264852607709752,--undefined--
24.288072562358277,--undefined--
24.3112925170068,--undefined--
24.33451247165533,--undefined--
24.357732426303855,--undefined--
24.380952380952383,--undefined--
24.404172335600908,85.93607509690956
24.427392290249433,88.39071704041339
24.45061224489796,88.1747475037206
24.473832199546486,87.24578406487251
24.49705215419501,87.25513799981609
24.52027210884354,87.82634925943356
24.543492063492064,88.54550245328933
24.56671201814059,89.07885991000534
24.589931972789117,89.0262538127751
24.61315192743764,88.9303273259448
24.63637188208617,87.79444877523109
24.659591836734695,392.82743171518007
24.68281179138322,462.19310811445354
24.706031746031748,503.20862306649445
24.729251700680273,531.1386782649619
24.752471655328797,--undefined--
24.775691609977326,100.88121235411103
24.79891156462585,99.96602797186417
24.822131519274375,98.93298012039138
24.845351473922904,98.68115241157418
24.86857142857143,99.00884809573722
24.891791383219957,99.23190333398887
24.91501133786848,99.09754637997557
24.938231292517006,98.89913008884535
24.961451247165535,99.01368883727514
24.98467120181406,99.22143084007809
25.007891156462584,99.65056447974838
25.031111111111112,100.28507605028426
25.054331065759637,123.31560238853758
25.077551020408166,105.94186694494336
25.10077097505669,100.86048576754763
25.123990929705215,125.86349594096217
25.147210884353743,135.30647703827887
25.170430839002268,115.3763552295208
25.193650793650793,111.5728828645141
25.21687074829932,111.36905827143103
25.240090702947846,111.1801395222463
25.26331065759637,111.68450468066501
25.2865306122449,112.90453883102754
25.309750566893424,111.52504025542572
25.332970521541952,--undefined--
25.356190476190477,--undefined--
25.379410430839002,130.67484202127545
25.40263038548753,128.43603159527214
25.425850340136055,127.26629458967237
25.44907029478458,127.06668955179764
25.472290249433108,127.69593048817994
25.495510204081633,128.15583466457542
25.518730158730158,130.36076518125432
25.541950113378686,--undefined--
25.56517006802721,--undefined--
25.58839002267574,--undefined--
25.611609977324264,--undefined--
25.63482993197279,--undefined--
25.658049886621317,--undefined--
25.68126984126984,--undefined--
25.704489795918366,88.4411966429942
25.727709750566895,88.99500632259968
25.75092970521542,88.23607183759629
25.774149659863944,87.65504773940829
25.797369614512473,87.91606761829142
25.820589569160997,87.48442057027322
25.843809523809526,87.8239867973221
25.86702947845805,88.3777371031523
25.890249433106575,88.29628271917984
25.913469387755104,87.25583580126745
25.93668934240363,84.20579401320553
25.959909297052153,--undefined--
25.98312925170068,941.4497924595235
26.006349206349206,938.0417109180992
26.029569160997735,--undefined--
26.05278911564626,97.40378624964227
26.076009070294784,98.4255221479342
26.099229024943313,96.92243662565295
26.122448979591837,94.38650951630818
26.145668934240362,93.75176766274487
26.16888888888889,93.19035106138226
26.192108843537415,93.18653283184767
26.21532879818594,93.97064474676384
26.23854875283447,93.9392526422885
26.261768707482993,94.05666837902776
26.28498866213152,93.10200954796468
26.308208616780046,91.5973274540872
26.33142857142857,--undefined--
26.3546485260771,--undefined--
26.377868480725624,--undefined--
26.40108843537415,--undefined--
26.424308390022677,--undefined--
26.447528344671202,--undefined--
26.470748299319727,--undefined--
26.493968253968255,--undefined--
26.51718820861678,--undefined--
26.540408163265308,--undefined--
26.563628117913833,--undefined--
26.586848072562358,--undefined--
26.610068027210886,--undefined--
26.63328798185941,--undefined--
26.656507936507936,--undefined--
26.679727891156464,--undefined--
26.70294784580499,318.2973819234437
26.726167800453517,348.9671779322971
26.749387755102042,130.24731585296377
26.772607709750567,69.9196648181363
26.795827664399095,66.44420643622539
26.81904761904762,66.26374002899304
26.842267573696144,67.3454887014764
26.865487528344673,83.48863797742493
26.888707482993198,77.03340574572536
26.911927437641722,71.59579047142832
26.93514739229025,--undefined--
26.958367346938775,--undefined--
26.981587301587304,--undefined--
27.00480725623583,--undefined--
27.028027210884353,--undefined--
27.05124716553288,95.72033458481457
27.074467120181406,96.27951195337155
27.09768707482993,95.26013333741015
27.12090702947846,94.08565073457167
27.144126984126984,93.85194530383585
27.16734693877551,94.46142752678685
27.190566893424037,95.61377114627658
27.213786848072562,96.77839894698296
27.23700680272109,--undefined--
27.260226757369615,--undefined--
27.28344671201814,--undefined--
27.30666666666667,--undefined--
27.329886621315193,--undefined--
27.353106575963718,--undefined--
27.376326530612246,91.64274802220515
27.39954648526077,89.95079143309737
27.422766439909296,88.60064984237697
27.445986394557824,88.84800457214003
27.46920634920635,89.41108204754053
27.492426303854877,89.55370924247177
27.515646258503402,88.74767794947327
27.538866213151927,84.87060887451766
27.562086167800455,358.64090920148755
27.58530612244898,360.30675586220764
27.608526077097505,332.872439753008
27.631746031746033,320.0846210503584
27.654965986394558,328.80388319584216
27.678185941043086,128.94524571720922
27.70140589569161,88.65098352096898
27.724625850340136,87.48245403181517
27.747845804988664,85.30753203901949
27.77106575963719,86.80720978969559
27.794285714285714,92.0964618321282
27.817505668934242,95.8012716782582
27.840725623582767,96.76051482439019
27.86394557823129,96.41509219544481
27.88716553287982,95.94762179451728
27.910385487528345,95.30081546920422
27.933605442176873,95.59691666382922
27.956825396825398,96.10575435012935
27.980045351473922,95.61547358139642
28.00326530612245,91.8365366541589
28.026485260770976,--undefined--
28.0497052154195,--undefined--
28.07292517006803,--undefined--
28.096145124716553,--undefined--
28.11936507936508,--undefined--
28.142585034013607,--undefined--
28.16580498866213,--undefined--
28.18902494331066,--undefined--
28.212244897959184,--undefined--
28.23546485260771,--undefined--
28.258684807256238,--undefined--
28.281904761904762,--undefined--
28.305124716553287,--undefined--
28.328344671201815,--undefined--
28.35156462585034,--undefined--
28.37478458049887,--undefined--
28.398004535147393,--undefined--
28.421224489795918,--undefined--
28.444444444444446,--undefined--
28.46766439909297,--undefined--
28.490884353741496,--undefined--
28.514104308390024,--undefined--
28.53732426303855,--undefined--
28.560544217687074,--undefined--
28.583764172335602,--undefined--
28.606984126984127,--undefined--
28.630204081632655,--undefined--
28.65342403628118,--undefined--
28.676643990929705,--undefined--
28.699863945578233,--undefined--
28.723083900226758,--undefined--
28.746303854875283,--undefined--
28.76952380952381,--undefined--
28.792743764172336,--undefined--
28.81596371882086,--undefined--
28.83918367346939,--undefined--
28.862403628117914,--undefined--
28.885623582766442,--undefined--
28.908843537414967,--undefined--
28.93206349206349,--undefined--
28.95528344671202,--undefined--
28.978503401360545,--undefined--
29.00172335600907,--undefined--
29.024943310657598,--undefined--
29.048163265306123,--undefined--
29.071383219954647,--undefined--
29.094603174603176,--undefined--
29.1178231292517,--undefined--
29.14104308390023,--undefined--
29.164263038548754,--undefined--
29.18748299319728,--undefined--
29.210702947845807,--undefined--
29.23392290249433,--undefined--
29.257142857142856,--undefined--
29.280362811791385,--undefined--
29.30358276643991,--undefined--
29.326802721088438,--undefined--
29.350022675736962,--undefined--
29.373242630385487,--undefined--
29.396462585034016,--undefined--
29.41968253968254,--undefined--
29.442902494331065,--undefined--
29.466122448979593,--undefined--
29.489342403628118,--undefined--
29.512562358276643,--undefined--
29.53578231292517,--undefined--
29.559002267573696,--undefined--
29.582222222222224,--undefined--
29.60544217687075,--undefined--
29.628662131519274,--undefined--
29.651882086167802,--undefined--
29.675102040816327,--undefined--
29.698321995464852,--undefined--
29.72154195011338,--undefined--
29.744761904761905,--undefined--
29.76798185941043,--undefined--
29.791201814058958,--undefined--
29.814421768707483,--undefined--
29.83764172335601,--undefined--
29.860861678004536,--undefined--
29.88408163265306,--undefined--
29.90730158730159,--undefined--
29.930521541950114,--undefined--
29.95374149659864,--undefined--
29.976961451247167,--undefined--
30.00018140589569,--undefined--
30.02340136054422,--undefined--
30.046621315192745,--undefined--
30.06984126984127,--undefined--
30.093061224489798,--undefined--
30.116281179138323,--undefined--
30.139501133786847,--undefined--
30.162721088435376,--undefined--
30.1859410430839,--undefined--
30.209160997732425,--undefined--
30.232380952380954,--undefined--
30.25560090702948,--undefined--
30.278820861678007,--undefined--
30.30204081632653,--undefined--
30.325260770975056,--undefined--
30.348480725623585,--undefined--
30.37170068027211,--undefined--
30.394920634920634,--undefined--
30.418140589569163,--undefined--
30.441360544217687,--undefined--
30.464580498866212,--undefined--
30.48780045351474,--undefined--
30.511020408163265,--undefined--
30.534240362811794,--undefined--
30.55746031746032,--undefined--
30.580680272108843,--undefined--
30.60390022675737,--undefined--
30.627120181405896,--undefined--
30.65034013605442,--undefined--
30.67356009070295,--undefined--
30.696780045351474,--undefined--
30.72,--undefined--
30.743219954648527,--undefined--
30.766439909297052,--undefined--
30.78965986394558,--undefined--
30.812879818594105,--undefined--
30.83609977324263,--undefined--
30.859319727891158,--undefined--
30.882539682539683,--undefined--
30.905759637188208,--undefined--
30.928979591836736,--undefined--
30.95219954648526,--undefined--
30.97541950113379,--undefined--
30.998639455782314,--undefined--
31.02185941043084,--undefined--
31.045079365079367,--undefined--
31.068299319727892,--undefined--
31.091519274376417,--undefined--
31.114739229024945,--undefined--
31.13795918367347,--undefined--
31.161179138321994,--undefined--
31.184399092970523,--undefined--
31.207619047619048,--undefined--
31.230839002267576,--undefined--
31.2540589569161,--undefined--
31.277278911564625,--undefined--
31.300498866213154,--undefined--
31.32371882086168,--undefined--
31.346938775510203,--undefined--
31.37015873015873,--undefined--
31.393378684807256,--undefined--
31.41659863945578,--undefined--
31.43981859410431,--undefined--
31.463038548752834,--undefined--
31.486258503401363,--undefined--
31.509478458049887,--undefined--
31.532698412698412,--undefined--
31.55591836734694,--undefined--
31.579138321995465,--undefined--
31.60235827664399,--undefined--
31.62557823129252,--undefined--
31.648798185941043,--undefined--
31.67201814058957,--undefined--
31.695238095238096,--undefined--
31.71845804988662,--undefined--
31.74167800453515,--undefined--
31.764897959183674,--undefined--
31.7881179138322,--undefined--
31.811337868480727,--undefined--
31.834557823129252,--undefined--
31.857777777777777,--undefined--
31.880997732426305,217.5814745526688
31.90421768707483,222.69234445226942
31.92743764172336,231.64733994900843
31.950657596371883,233.00323112379314
31.973877551020408,232.88586579575755
31.997097505668936,232.39386969145383
32.020317460317465,237.3102313616556
32.04353741496599,239.20393289382181
32.066757369614514,240.58685882007669
32.08997732426304,238.01613898463032
32.113197278911564,226.5139636975076
32.13641723356009,224.82307819005482
32.15963718820862,--undefined--
32.182857142857145,--undefined--
32.20607709750567,--undefined--
32.229297052154195,--undefined--
32.25251700680272,253.6620046259754
32.27573696145125,248.6917771929009
32.298956916099776,247.54061068003915
32.3221768707483,249.79608515764588
32.345396825396826,255.41609399962118
32.36861678004535,262.3161945934575
32.391836734693875,264.39422586855767
32.41505668934241,242.6460264484504
32.43827664399093,234.50696734091906
32.46149659863946,--undefined--
32.48471655328798,--undefined--
32.507936507936506,--undefined--
32.53115646258504,--undefined--
32.55437641723356,305.4907346004823
32.57759637188209,302.2823795749159
32.60081632653061,300.89659016237044
32.62403628117914,296.8256023149576
32.64725623582766,296.03581895908155
32.670476190476194,293.92232278171105
32.69369614512472,291.3045662397768
32.71691609977324,293.52360225799805
32.74013605442177,298.0581298406078
32.76335600907029,305.4134333235558
32.786575963718825,310.42926391124234
32.80979591836735,311.17484711055056
32.833015873015874,--undefined--
32.8562358276644,--undefined--
32.879455782312924,947.0751606191693
32.90267573696145,--undefined--
32.92589569160998,--undefined--
32.949115646258505,--undefined--
32.97233560090703,--undefined--
32.995555555555555,--undefined--
33.01877551020408,--undefined--
33.04199546485261,--undefined--
33.065215419501136,--undefined--
33.08843537414966,--undefined--
33.111655328798186,--undefined--
33.13487528344671,--undefined--
33.158095238095235,250.3415625543829
33.18131519274377,262.0709075373089
33.20453514739229,290.7611440780667
33.22775510204082,322.7668178422691
33.25097505668934,347.4707386783189
33.274195011337866,340.7286179805792
33.2974149659864,331.18820028119455
33.32063492063492,329.33920080608834
33.34385487528345,332.85094962021657
33.36707482993197,329.62692779517334
33.3902947845805,310.1242697445567
33.41351473922902,--undefined--
33.436734693877554,--undefined--
33.45995464852608,--undefined--
33.483174603174604,--undefined--
33.50639455782313,--undefined--
33.52961451247165,--undefined--
33.552834467120185,95.32312561792418
33.57605442176871,93.10218825552656
33.599274376417235,91.52787084493153
33.62249433106576,91.6560761075056
33.645714285714284,92.35375613975825
33.668934240362816,93.0631999944039
33.69215419501134,92.8637878054151
33.715374149659866,91.66614319244152
33.73859410430839,91.206329200548
33.761814058956915,88.82182653941533
33.78503401360544,--undefined--
33.80825396825397,--undefined--
33.8314739229025,--undefined--
33.85469387755102,228.0278341092527
33.877913832199546,188.4080711931833
33.90113378684807,176.49475604681962
33.9243537414966,101.09938931715516
33.94757369614513,85.9112655705086
33.97079365079365,86.25783555312543
33.99401360544218,86.83463883832019
34.0172335600907,87.39725569331796
34.04045351473923,87.55261483654036
34.06367346938776,87.16366523199893
34.08689342403628,86.0159864636058
34.11011337868481,84.79124381699032
34.13333333333333,97.9968463438156
34.15655328798186,95.01622462910548
34.17977324263039,92.85441531827586
34.202993197278914,93.04450034435247
34.22621315192744,93.76518651033899
34.249433106575964,94.0624223104961
34.27265306122449,93.95782811468814
34.29587301587301,93.68037010840178
34.319092970521545,93.58142517764588
34.34231292517007,93.26436965602143
34.365532879818595,93.14483025774064
34.38875283446712,93.34405668900983
34.411972789115644,93.8977929267981
34.435192743764176,95.12484294700683
34.4584126984127,93.89242721257412
34.481632653061226,91.44533321683046
34.50485260770975,90.23252314305205
34.528072562358275,92.02388496005074
34.5512925170068,94.64708583376459
34.57451247165533,94.45509004063973
34.59773242630386,94.93033836974995
34.62095238095238,95.20304140256883
34.644172335600906,94.8937432633624
34.66739229024943,94.36964046693507
34.69061224489796,93.85047468586996
34.71383219954649,94.02892137100994
34.73705215419501,94.42057115107869
34.76027210884354,92.45433406126567
34.78349206349206,91.54071546161019
34.80671201814059,95.28593136004372
34.82993197278912,86.42571722183848
34.853151927437644,87.4587135351595
34.87637188208617,89.6956615677497
34.89959183673469,89.48621325601032
34.92281179138322,88.52974916296431
34.94603174603175,87.83773509250351
34.969251700680275,87.7104113693285
34.9924716553288,87.76654599012326
35.015691609977324,87.6775364622771
35.03891156462585,88.0035047927828
35.062131519274374,88.98248718879165
35.085351473922906,101.91392187607937
35.10857142857143,--undefined--
35.131791383219955,--undefined--
35.15501133786848,--undefined--
35.178231292517005,509.79490325270035
35.20145124716554,519.2020942670118
35.22467120181406,170.6005535401133
35.247891156462586,99.70556256889839
35.27111111111111,99.0471367626861
35.294331065759636,99.05018973271774
35.31755102040817,438.9228204505825
35.34077097505669,521.0791094617922
35.36399092970522,545.480712251365
35.38721088435374,528.2115380909097
35.41043083900227,487.4044106356326
35.43365079365079,--undefined--
35.45687074829932,--undefined--
35.48009070294785,--undefined--
35.50331065759637,--undefined--
35.5265306122449,--undefined--
35.54975056689342,131.69820805168234
35.572970521541954,130.41554564226095
35.59619047619048,127.50489975508853
35.619410430839004,131.1290615349094
35.64263038548753,136.40884298742182
35.66585034013605,115.94804613477596
35.68907029478458,111.87631439069784
35.71229024943311,111.36948915746241
35.735510204081635,133.92191900301944
35.75873015873016,138.44273250878948
35.781950113378684,486.74789878691547
35.80517006802721,543.6085923608013
35.82839002267574,549.2648751964109
35.851609977324266,--undefined--
35.87482993197279,100.09269294095219
35.898049886621315,99.21272369263731
35.92126984126984,99.55084019234144
35.944489795918365,100.12402631912728
35.9677097505669,100.24021296697737
35.99092970521542,100.40332370051405
36.014149659863946,100.09697880127183
36.03736961451247,439.9237832258638
36.060589569160996,496.29040278992795
36.08380952380953,--undefined--
36.10702947845805,--undefined--
36.13024943310658,--undefined--
36.1534693877551,91.4414109734105
36.17668934240363,90.76222352604752
36.19990929705215,88.60930375818292
36.22312925170068,87.09471026496492
36.24634920634921,87.27575821957764
36.26956916099773,85.84824283754003
36.29278911564626,94.48315203926539
36.31600907029478,95.6077722393024
36.339229024943315,95.87686969078108
36.36244897959184,97.43597137536602
36.385668934240364,97.68546858768907
36.40888888888889,95.05379314619069
36.432108843537414,--undefined--
36.45532879818594,--undefined--
36.47854875283447,--undefined--
36.501768707482995,--undefined--
36.52498866213152,91.95924074197104
36.548208616780045,93.0746373714111
36.57142857142857,93.01928889947526
36.5946485260771,92.92523284885566
36.617868480725626,93.26739776196334
36.64108843537415,93.03813331016235
36.664308390022676,93.09617449505156
36.6875283446712,93.07727216899296
36.710748299319725,92.14716016328781
36.73396825396826,92.06203649879511
36.75718820861678,92.67421204861292
36.78040816326531,93.0157981119241
36.80362811791383,--undefined--
36.826848072562356,--undefined--
36.85006802721089,--undefined--
36.87328798185941,1016.7080364101512
36.89650793650794,--undefined--
36.91972789115646,--undefined--
36.94294784580499,--undefined--
36.96616780045352,--undefined--
36.989387755102044,--undefined--
37.01260770975057,--undefined--
37.03582766439909,--undefined--
37.05904761904762,--undefined--
37.08226757369614,--undefined--
37.105487528344675,--undefined--
37.1287074829932,--undefined--
37.151927437641724,--undefined--
37.17514739229025,--undefined--
37.198367346938774,--undefined--
37.221587301587306,77.13833327815
37.24480725623583,79.10677456659408
37.268027210884355,69.56584560898274
37.29124716553288,67.89132674146288
37.314467120181405,67.55867614501604
37.33768707482993,67.78193697713849
37.36090702947846,67.94355022918026
37.384126984126986,82.46450437872701
37.40734693877551,83.30430996959133
37.430566893424036,68.76025912663235
37.45378684807256,81.59361565359133
37.47700680272109,86.59763364110985
37.50022675736962,94.85602447883228
37.52344671201814,95.99012336506334
37.54666666666667,95.06049064813196
37.56988662131519,94.2257058936218
37.593106575963716,94.31418539571898
37.61632653061225,94.12376779768444
37.63954648526077,94.16879448915282
37.6627664399093,92.68830924221143
37.68598639455782,91.59117821349847
37.70920634920635,--undefined--
37.73242630385488,--undefined--
37.755646258503404,--undefined--
37.77886621315193,--undefined--
37.802086167800454,--undefined--
37.82530612244898,93.01466949043677
37.8485260770975,91.13468514256441
37.871746031746035,89.49710504831008
37.89496598639456,89.35412828358469
37.918185941043085,89.55241652587299
37.94140589569161,89.89746824099848
37.964625850340134,89.76045917355496
37.987845804988666,88.55826292010674
38.01106575963719,84.91191295191267
38.034285714285716,91.66080962653625
38.05750566893424,86.76725786308265
38.080725623582765,79.31850668976637
38.10394557823129,77.36471259499706
38.12716553287982,86.97292301254457
38.15038548752835,89.36619828592815
38.17360544217687,88.20263444410126
38.196825396825396,86.32914784038543
38.22004535147392,89.03504482548051
38.24326530612245,92.46324448061374
38.26648526077098,93.99559573300212
38.2897052154195,94.70807355231075
38.31292517006803,94.73310267233185
38.33614512471655,94.6214210749303
38.35936507936508,94.7460350888777
38.38258503401361,94.69569287429943
38.40580498866213,94.76016978787699
38.42902494331066,95.07927218415587
38.45224489795918,95.11331528977787
38.47546485260771,93.94887636541758
38.49868480725624,--undefined--
38.521904761904764,--undefined--
38.54512471655329,--undefined--
38.568344671201814,--undefined--
38.59156462585034,--undefined--
38.61478458049887,--undefined--
38.638004535147395,--undefined--
38.66122448979592,--undefined--
38.684444444444445,--undefined--
38.70766439909297,--undefined--
38.730884353741494,--undefined--
38.754104308390026,--undefined--
38.77732426303855,--undefined--
38.800544217687076,--undefined--
38.8237641723356,--undefined--
38.846984126984125,--undefined--
38.87020408163266,--undefined--
38.89342403628118,--undefined--
38.91664399092971,--undefined--
38.93986394557823,--undefined--
38.963083900226756,--undefined--
38.98630385487528,--undefined--
39.00952380952381,--undefined--
39.03274376417234,--undefined--
39.05596371882086,--undefined--
39.07918367346939,--undefined--
39.10240362811791,--undefined--
39.125623582766444,--undefined--
39.14884353741497,--undefined--
39.172063492063494,--undefined--
39.19528344671202,--undefined--
39.21850340136054,--undefined--
39.24172335600907,--undefined--
39.2649433106576,--undefined--
39.288163265306125,--undefined--
39.31138321995465,--undefined--
39.334603174603174,--undefined--
39.3578231292517,--undefined--
39.38104308390023,--undefined--
39.404263038548756,--undefined--
39.42748299319728,--undefined--
39.450702947845805,--undefined--
39.47392290249433,--undefined--
39.497142857142855,--undefined--
39.52036281179139,--undefined--
39.54358276643991,--undefined--
39.566802721088436,--undefined--
39.59002267573696,--undefined--
39.613242630385486,--undefined--
39.63646258503402,--undefined--
39.65968253968254,--undefined--
39.68290249433107,--undefined--
39.70612244897959,--undefined--
39.72934240362812,--undefined--
39.75256235827664,--undefined--
39.77578231292517,--undefined--
